,n,use_location,use_scale,experiment,MSE_wellspec,MSE_misspec,MSE_surels,MSE_NPMLEinit,MSE_NPMLE,MSE_thetaG,SURE_wellspec,SURE_misspec,SURE_surels,SURE_NPMLEinit,SURE_NPMLE,SURE_thetaG,data
0,100,False,True,c,0.11058929174544625,0.07130096128126326,0.08140527793301726,0.07132875837433689,0.09444579114927261,0.07360984511621227,-0.03163715478367724,0.05714661690956099,-0.026984074244881803,0.05712741343347304,0.5415332733993431,0.08872643728821922,train
1,100,False,True,d,0.025873553269288134,0.008077526127507437,0.0041576587770313376,0.008077917104079832,0.013963786617549483,0.008077799646300328,-0.04742689325749672,-0.011605300548017788,-0.02297270928910277,-0.011605369814075832,0.031024502680082156,-0.008804140981165914,train
2,100,False,True,e,0.1534949991738574,0.16964934267922746,0.12907140894691885,0.1697411181681118,0.15957503300440914,0.1759250271967055,0.10328565683394601,0.12610583825842844,0.13899635277175154,0.12609144371814537,0.3751233258271306,0.21996775100522462,train
3,100,False,True,f,0.03147633247424013,0.06135252782155896,0.007274480516440602,0.061349541030837236,0.08462161418217798,0.05113694220349516,-0.019729307641918586,0.058812617867264334,-0.0063137788607594445,0.05879684250717254,0.8685032258457573,0.08548138343910866,train
4,100,False,True,g,0.07450456996607627,0.2097752447970955,0.3459587499641332,0.20956665769860106,0.22076412545228646,0.3469272042174653,-0.006132377914652531,0.12288357529863837,0.3012858177467455,0.12284969750028502,5.707690968421377,0.30562619166487,train
5,100,False,True,i,2.199244826122999,1.5429009249192023,1.4096162503992173,1.9069818248561845,1.5536855017425373,1.4710286119693874,-0.8811192501122385,1.3912720523274995,1.590214441326587,1.5886379068894123,39.125756957446946,1.8670166850872503,train
6,200,False,True,c,0.042878358239310105,0.06419678887241409,0.006537041322383392,0.06585777836523053,0.08377759450830373,0.054647473011078196,-0.06659931128885195,0.05426390761207301,-0.036599305113987526,0.05421782542623639,0.7819307244781037,0.0675673921268411,train
7,200,False,True,d,0.010805520981408856,0.01165735756227458,0.007424754507174394,0.011665101993194154,0.009554793333119836,0.007438409628478032,-0.024153176125750644,-0.01759149207350493,-0.014685337722295149,-0.017593299314752002,-0.015980005914792983,-0.013760240827664236,train
8,200,False,True,e,0.18555078881914855,0.21008750020516198,0.14807279732427656,0.2102222347710777,0.2834383652649651,0.23244961412218287,0.1427853917527471,0.15304404901264154,0.1663180355915922,0.15303414403457521,0.5508097148652652,0.23741400029691595,train
9,200,False,True,f,0.05290031317366752,0.062782830041954,0.0209160119098053,0.06277030843242784,0.07301394059775751,0.0585187927533117,-0.014002422029293325,0.018343925536058594,0.0011126304005362297,0.018333659267962474,0.5341755031207268,0.029144148482597165,train
10,200,False,True,g,0.030393272680313478,0.12562936911864575,0.24412839735851918,0.15141093956493074,0.14046875899819006,0.25036152345276896,-0.013577547807064919,0.13138676519964013,0.28026476667133116,0.14155580314521804,4.258624152864709,0.2846822237307019,train
11,200,False,True,i,3.6041656064289516,2.7747831150466378,2.15543171963093,3.1146283435942257,2.7680940628901336,2.4763634637780587,0.015011979688535472,1.2740245436654516,1.4300636033740879,1.57195212118381,56.85990963860545,1.8573957795038023,train
12,400,False,True,c,0.08821356095963313,0.07069314553157244,0.06952121835934516,0.07075252468822449,0.07173933225005796,0.05733345751438387,0.010593737180534133,0.11179093914243658,0.11524044789886652,0.1117674768632515,0.7398145006706133,0.12017109686115474,train
13,400,False,True,d,0.005862785502403139,0.005992548968174769,0.006120085180679708,0.005992632348673446,0.006910851415736605,0.005992483392120725,-0.01194194660148166,-0.0064299652245037465,-0.00908282324597365,-0.006430162095437631,0.005566631792362227,-0.005824821859192156,train
14,400,False,True,e,0.16999245678270727,0.19518653937290842,0.16718407843667127,0.19518636220233493,0.2906270827425253,0.25129500208489614,0.13664983788849383,0.16373754112918967,0.145446849076547,0.16372985300919482,0.33932167751095776,0.23416355413742873,train
15,400,False,True,f,0.013999090751659086,0.060735212479427786,0.006635281055779254,0.0607353224458323,0.06433134178401884,0.05621812061767903,-0.036449015742651435,0.029542840262154115,-0.02765915340138832,0.029536681914121916,0.9882693786005367,0.03753481223777533,train
16,400,False,True,g,0.02684323918867147,0.16756825737358202,0.28197556866261075,0.16756911565768007,0.1784667428722937,0.28237509484206114,0.008710902526389211,0.1081898932578126,0.2901476983385018,0.10816379133410245,4.1113879939598545,0.2933117018518798,train
17,400,False,True,i,2.074277707092625,1.8576192069304118,1.6931190137667713,1.8733603417896185,1.8730146607901543,1.751451620924128,1.2586886278853737,1.6628038338141418,1.6390267829494332,1.6673492196472475,53.29387696105537,1.8637469810672211,train
18,800,False,True,c,0.014048376053830889,0.05388599161812541,0.0029443761792354627,0.06002406602032043,0.08387955927127208,0.05749107084057003,-0.017018005564432205,0.034852722097724755,-0.0059883779394931435,0.03144799730752411,0.5735818753979768,0.037913344740991395,train
19,800,False,True,d,0.027230085798372095,0.006593968750615959,0.004066481098238716,0.006594067564350545,0.007304781741605665,0.00614516898257439,-0.008773470587521771,0.013152189057925217,0.007433988499082638,0.013152047238253086,0.07268752228306816,0.013935916332244364,train
20,800,False,True,e,0.14179384042022752,0.1637213298248962,0.1407577433109437,0.1640540460804459,0.25919256502603377,0.22527597646410624,0.16009236438416008,0.17911653444045653,0.16371113133415682,0.17917991039699285,0.4055015153053303,0.2377975491440944,train
21,800,False,True,f,0.023127581230771698,0.06837567273516326,0.0020818747162434257,0.06836991936401925,0.07904739107648381,0.05768962986886073,0.0012262700924741388,0.045970141062519614,0.015015360061978933,0.045963608118491164,0.8765924774456139,0.059601368808304855,train
22,800,False,True,g,0.025516021625411587,0.14994924374149665,0.2931309678227461,0.14989464994887408,0.16793184723433469,0.30000181418663235,0.009753873861441635,0.14132725020694217,0.2886746024085556,0.14130614544206652,4.208510120855137,0.29295192411718535,train
23,800,False,True,i,2.0740592286005706,1.9501319928012444,1.6050252824761118,1.9507423606367447,1.945152984636261,1.883100107222529,1.1988113002862906,1.7877787301023114,1.6414424276468578,1.7877173280128074,45.94512565122382,1.8938217106566386,train
24,1600,False,True,c,0.00815095381049864,0.0528171821627549,0.0008927678277141435,0.05299138747859433,0.07909716837702187,0.05537069887696055,-0.0004101372316474383,0.05279351754556366,0.005127388805022439,0.0526969355346516,0.6002781443899063,0.05602122492166711,train
25,1600,False,True,d,0.003079234589561627,0.004974300817512922,0.0037505600516173072,0.004974520855742705,0.005470857015766653,0.004974365293809383,-0.009429104064199254,-0.004627719705758029,-0.01002255785532309,-0.004628008051313479,0.07550653840529449,-0.0044727958589247385,train
26,1600,False,True,e,0.15490366139902872,0.17278155947648086,0.14751117528970506,0.17276093119319325,0.27123340173260874,0.2361850575327906,0.15525029382938335,0.17880439753821342,0.16208500688521396,0.17879936713725003,0.4214343767059852,0.23690063762685468,train
27,1600,False,True,f,0.006317101937602036,0.05957456838225711,0.0009014735974421635,0.05959913462516466,0.0819075776008614,0.05875413538092203,-0.014491719897979535,0.035014457832448186,-0.011888566062746549,0.03500245315692212,0.9072270877517119,0.04267627629514886,train
28,1600,False,True,g,0.008984811219720173,0.1415191366903641,0.2673980668647391,0.1414647546178809,0.15738796375795924,0.272803411945817,-0.024738522917103992,0.12017916983857664,0.2919648558342556,0.12014601723289194,5.202969623851601,0.295408763699221,train
29,1600,False,True,i,1.88320980690565,1.8236692977057232,1.519325125553253,1.8319919536300453,1.8083818637763716,1.7824671865641326,1.2733529680849232,1.8055835695195195,1.6133995873864524,1.8085425948074956,43.286354442650556,1.8592745446583738,train
30,3200,False,True,c,0.001030703245495609,0.05746916975860898,0.001236180384599285,0.05744540196358734,0.07620493371886494,0.056426363428599885,0.012212085752302664,0.05809187844900876,0.013519281120373858,0.05806901801709408,0.8770291300365297,0.06208033739860136,train
31,3200,False,True,d,0.0025621160623778066,0.005208920588411029,0.0008204414919039724,0.0052089178906715786,0.005814667833936297,0.005204770370016492,-0.001696656666237124,0.005328742484048341,-0.0006782182906675111,0.00532839220549949,0.05865467949331478,0.005415836640532759,train
32,3200,False,True,e,0.15295208778090508,0.17428183525185825,0.1508214520585634,0.17426814652273356,0.260171700828201,0.23755541298346905,0.15106010674668693,0.1683580462565184,0.15341529437971496,0.16833834129080344,0.39244211139384516,0.2350033937631466,train
33,3200,False,True,f,0.0012669266334362607,0.05587332544158282,0.0009014541140886661,0.05586798933877727,0.08192221857396056,0.05505023516591257,-0.012042529976341372,0.047358616644488975,-0.011594478401097777,0.04735113977889221,0.9635957457434724,0.05612005591864233,train
34,3200,False,True,g,0.005396191288165971,0.13732379954656473,0.2996568179687689,0.13754901259825372,0.16512333830906795,0.30226537630795974,0.00999963780537383,0.14256092271185053,0.2904137060875025,0.14257486262323427,4.416754437210869,0.2937952128242196,train
35,3200,False,True,i,1.7498128961247736,1.8805167985239444,1.6611696857321212,1.880171577087152,1.8730822801629725,1.8532940319624087,1.5383698703551432,1.812229345461132,1.6793639131306586,1.8125139538271287,62.1919136686138,1.8605380481256826,train
36,6400,False,True,c,0.001204241959901133,0.053891667205424404,0.0016348394992156017,,,0.05719216253393525,-0.014025146894805565,0.04028182951996001,-0.013952707545799678,,,0.04198214356166308,train
37,6400,False,True,d,0.0002972732793357949,0.004893101976946028,0.0004980355550914897,,,0.004886737779208748,-0.004865604681422464,-0.0015020849493814837,-0.004864438573922835,,,-0.0014634836229489023,train
38,6400,False,True,e,0.15723879681585276,0.17851878417397601,0.15489187434999094,0.1784734484017788,0.27008599319187626,0.23717711433396618,0.15423664976329235,0.1738547989488565,0.15695064029823433,0.17388735892695054,0.38978054529720346,0.23530078268373145,train
39,6400,False,True,f,0.0008913127047138985,0.0639279916957832,0.0010356059404985633,0.06392366739404552,0.07976700893947805,0.05640338095072253,0.01318509522684854,0.05198918508837714,0.01296039382001802,0.05197970033875031,0.8962979644008897,0.06392326914455743,train
40,6400,False,True,g,0.0035755896005897018,0.1418039511921653,0.28598286802072537,0.1420530804815052,0.1585710974446451,0.2904200375844873,0.004020513216303047,0.12880069471129038,0.2872909590793138,0.128811802876533,3.0489658212546065,0.291278588230758,train
41,6400,False,True,i,1.7774016704907336,1.8946633009589784,1.7151314877737482,1.8979589460479442,1.8941170741478388,1.8814595254154693,1.5828882543986056,1.8492762130732927,1.6952062441007756,1.8501713302590919,42.71103299045526,1.8653773298368987,train
42,100,False,True,c,0.11995935410463553,0.10370539585026073,0.08140527793301726,0.10373683941431427,0.8808922336825747,0.05380732013486287,0.20426261014005748,0.05269149014158955,0.06266916682491722,0.05273319563683302,0.750450270646909,0.041544741297871945,test
43,100,False,True,d,0.015468675341424315,0.005413549099866993,0.0041576587770313376,0.00541404388149093,0.06410461419289665,0.004972959259033694,0.0015952427560491555,0.01224935282324438,-0.004126173652318449,0.012252128066607302,0.07341039252567999,0.009112607466148726,test
44,100,False,True,e,0.13933674175543667,0.17640589527942585,0.12907140894691885,0.17643844233550837,0.35115662913097934,0.21036299631748429,0.17829918504893624,0.22486946425466806,0.15736195346581863,0.2249146340770657,0.39902150143608095,0.22216194009911605,test
45,100,False,True,f,0.01873859862870327,0.05601176423594236,0.007274480516440602,0.05600492571778459,0.8609286431845287,0.055899380277964636,0.0778900028358822,0.11410318623544256,0.06321049201879482,0.11405858587973114,1.0329499267393856,0.16306770520441416,test
46,100,False,True,g,0.04661884339905087,0.152378380723427,0.3459587499641332,0.15193156468588198,4.851259098277036,0.3405318989356937,0.05205690669218233,0.12563927060836463,0.30010073463056214,0.12567113320101483,4.877919978769724,0.3032632851799411,test
47,100,False,True,i,4.788704608280407,1.97860002269661,1.4096162503992173,2.3608627216273077,50.19337343539096,1.8385446994402659,6.058568208040891,2.15266052544718,1.9722594245105933,2.261963072429402,48.70533849304012,1.9167030658105442,test
48,200,False,True,c,0.0668462317769931,0.06735898356724077,0.006537041322383392,0.06751672033248218,0.7130985585146346,0.0644056623948502,0.18186162030445246,0.10549757336683292,0.0896988556314803,0.10637864867457886,0.7291562726806063,0.09942395812347898,test
49,200,False,True,d,0.011245958618891947,0.006786991231530125,0.007424754507174394,0.006788048914242732,0.005851885252788827,0.008381807227006528,0.038184255126531834,0.03812607416960072,0.03590955325587241,0.03813111280111142,0.03525455447561825,0.02988867364108945,test
50,200,False,True,e,0.18202712994748885,0.1926038749709039,0.14807279732427656,0.19260878035726672,0.5435913068306956,0.24739848094463698,0.1471256932976042,0.17312107333229862,0.13941386560296182,0.17300727556399836,0.5067361326465949,0.22180154046672745,test
51,200,False,True,f,0.04806331467494828,0.05859293497745484,0.0209160119098053,0.05858311471911624,0.6020879221356271,0.05590931783963749,0.05473068270041542,0.05948963431494384,0.02692783445330482,0.0594683072970598,0.6207553775612048,0.06210657243929196,test
52,200,False,True,g,0.023335003551743075,0.14411559599846185,0.24412839735851918,0.1686994242868697,4.279483383558431,0.25353140405964597,0.0021310296689348754,0.10501879061724761,0.28753221552340164,0.11504427822576556,4.243526453470512,0.2914901796341612,test
53,200,False,True,i,3.0041829898203294,2.313218242212617,2.15543171963093,2.7765112222699573,60.55614326214109,2.0143981102040316,2.824004683793877,2.195657258185672,1.8333122851438466,2.919252838315811,64.48541593670187,1.8733663337668598,test
54,400,False,True,c,0.0388728711696174,0.0683130095267397,0.06952121835934516,0.06835013521389963,0.6512109047743029,0.05822886613155511,0.1071480510068534,0.07458626235230995,0.08053162371315704,0.07466582400842171,0.7058984466608582,0.06571931602067432,test
55,400,False,True,d,0.005442841882231719,0.005598593301065633,0.006120085180679708,0.005598659255178944,0.022546339500113217,0.005155199296765717,0.0051122698738295756,-0.0005959228630447023,0.0015076295703730328,-0.0005958256026097075,0.014532633870691711,-0.00014954517084495023,test
56,400,False,True,e,0.1415714611570439,0.16419946018126175,0.16718407843667127,0.16419131670866868,0.3242213777367222,0.2092868009169928,0.13528130424659765,0.1629184065406514,0.1315019928254705,0.16291426677698403,0.3298465628105916,0.23126131393186455,test
57,400,False,True,f,0.012734672558218694,0.06344152850311402,0.006635281055779254,0.06343918424798373,0.8754523939046827,0.05894092920802014,0.05794696430109936,0.0669288703579555,0.050783797640295336,0.06693813771963818,0.8395290419478268,0.06698239614137236,test
58,400,False,True,g,0.03976443133027299,0.15085913765079964,0.28197556866261075,0.15092573382502178,3.871163054585429,0.299539322909427,0.031249392089864225,0.15760600570489625,0.2875446093481615,0.15774534792932568,3.893193675658568,0.29092492585855456,test
59,400,False,True,i,2.037988304804083,1.773022881552732,1.6931190137667713,1.7656925792784417,58.103156891049906,1.686442362576458,2.3587881772224217,1.9610205027931904,1.668768561405367,1.9849875141579327,59.43717336001194,1.8410481674847068,test
60,800,False,True,c,0.012026632712354919,0.05642949950058274,0.0029443761792354627,0.05684443511099316,0.6285518400899889,0.06329496599264912,0.03339630129155059,0.05958570125817019,0.02382250882122242,0.06625971124597484,0.5522811499489506,0.06288739764234708,test
61,800,False,True,d,,0.006563747274804417,0.004066481098238716,0.006563877176098385,0.06549426743336084,0.005860939807074314,nan,0.009361794115274477,0.0038653154765998375,0.009361670187922364,0.07445147607212486,0.00793239192322806,test
62,800,False,True,e,0.14101833933025926,0.15966352649288557,0.1407577433109437,0.16003796355188224,0.393176174806303,0.21239968957982505,0.15848177362492938,0.17895945327390078,0.15176214673555036,0.17917249055699816,0.4234643433936893,0.2362599348606581,test
63,800,False,True,f,0.020717226008472877,0.06553766385552397,0.0020818747162434257,0.06553249140892879,0.9017119664762113,0.06049434276777909,-0.021714981575023513,0.026271878474568668,-0.02654984720017742,0.026263358898752573,0.827526842830265,0.022846372782376223,test
64,800,False,True,g,0.012606029267450558,0.1308886582489106,0.2931309678227461,0.13099207849079014,3.8943274208249927,0.2719208540224164,-0.0025714443468297654,0.12246013185545081,0.28575207091704896,0.12266698361204938,3.833300750730819,0.28998723791384756,test
65,800,False,True,i,2.284152731442375,2.0092905929972202,1.6050252824761118,2.0096800286295515,42.687611716330956,1.956014261529389,2.1563138699312083,1.9715616863964354,1.6221623454111922,1.972051234147074,43.38918668359676,1.8728403586953406,test
66,1600,False,True,c,0.0021809859529997116,0.05149123934995007,0.0008927678277141435,0.05151817222957445,0.6245615939123779,0.055743095938658234,-0.040242684541659024,0.010629629260408181,-0.046661654868267864,0.01189018046567746,0.5731820791660744,0.009828444677326131,test
67,1600,False,True,d,0.001820649170894455,0.005470678226964703,0.0037505600516173072,0.00547099307598953,0.08793836665495293,0.005368391469612769,7.977147198413249e-05,0.00836384771663438,0.0007978881062089227,0.00836411835852969,0.09466335514485252,0.008366543050420519,test
68,1600,False,True,e,0.15672543612930875,0.17972985589032242,0.14751117528970506,0.17973179939017328,0.43145415682841787,0.247532661010227,0.14733872539171358,0.16076672147028012,0.14216019094346213,0.16076917527275916,0.4189580321486898,0.22828141535813484,test
69,1600,False,True,f,0.006020150054568026,0.057233384678062764,0.0009014735974421635,0.05725669205068359,0.9428121597679767,0.05546202486307106,0.00807237825797148,0.04699909785178385,0.006760339543446973,0.046980420145300954,0.9319736557011887,0.05772388800324946,test
70,1600,False,True,g,0.005021168374968286,0.14851475851483487,0.2673980668647391,0.14850027310360195,5.069921554449467,0.30427714581625565,0.017345236742237247,0.15905396610989597,0.28821189132116454,0.1590863024373698,4.994062275219139,0.29185412717564935,test
71,1600,False,True,i,2.1424119057098445,2.0778645279354757,1.519325125553253,2.093764056164382,46.03473835045887,2.0286055140669914,1.9259031061772993,1.8641147038618564,1.5980939906370126,1.8734918334998103,46.00814499387766,1.8719968989686167,test
72,3200,False,True,c,0.0009592423392567094,0.05686996551964309,0.001236180384599285,0.05682901095479967,0.8847215831355141,0.05358710417678285,0.008865627284996595,0.05967512490201763,0.008477595518008273,0.05960552106922542,0.9199382640451078,0.060649942239705656,test
73,3200,False,True,d,0.0016749350273939437,0.004602532977979052,0.0008204414919039724,0.004602505544647115,0.057807668775802075,0.004668075732246429,-0.0034632689578679376,0.0006072815460960613,-0.005014988442687173,0.0006082197836196102,0.054229324415366396,0.0005907102216283766,test
74,3200,False,True,e,0.14540497166697106,0.16550173002140423,0.1508214520585634,0.16546200024599947,0.380743096434431,0.23070281460128686,0.14409202735109794,0.16709738807608787,0.1444254248274199,0.1670013450999379,0.37925484176932966,0.22913969437123055,test
75,3200,False,True,f,0.0012750575805437904,0.060580532011493285,0.0009014541140886661,0.060573961114032675,0.9844480175842019,0.057198621807642853,0.01193997294401039,0.046155378057836885,0.011632022164348084,0.04614840416591811,0.9631748093812021,0.0550825997013733,test
76,3200,False,True,g,0.004517281334961272,0.1384056904328736,0.2996568179687689,0.13860236968429254,4.353273332880183,0.2925568811359431,0.006554825888954559,0.136120049091688,0.286896851759318,0.1362899187254975,4.313323914041265,0.2904057608452199,test
77,3200,False,True,i,1.7502137407869442,1.9137310581225322,1.6611696857321212,1.913717909823661,59.35680108153455,1.872282182855666,1.7659916017448132,1.859278595709072,1.673076631945859,1.8595363884051566,58.777491106875644,1.8602579517188842,test
78,6400,False,True,c,0.0011842573371542984,0.05397941637386073,0.0016348394992156017,,,0.05400219631408484,-0.00940955482550312,0.04651610151361233,-0.009093564749807574,,,0.046436279457398644,test
79,6400,False,True,d,0.0004366088251906757,0.0054735256709068205,0.0004980355550914897,,,0.005417507200438099,-0.0032263390494678234,0.0019974227475001174,-0.0028567510095195833,,,0.0019687510559374816,test
80,6400,False,True,e,0.1526781620905761,0.17529721310883173,0.15489187434999094,0.17528063697533708,0.3890684016549884,0.23429085271131278,0.15275618077991088,0.1753882318833852,0.14927659424188028,0.17536259171696272,0.38333469803756015,0.23205006333374634,test
81,6400,False,True,f,0.0008554294294729337,0.06227899697268063,0.0010356059404985633,0.062274874145605175,0.9073770232805181,0.05445151575463707,0.017270021980946498,0.057865035819397406,0.016985331213271903,0.05785522331973695,0.9415742507655804,0.07113848550041796,test
82,6400,False,True,g,0.003745127433227707,0.1406564646040975,0.28598286802072537,0.14095891661443619,3.096413962370984,0.2935074998191436,0.005825232263855927,0.14406128324976628,0.28831724295271477,0.14395061240269372,3.1235376392090926,0.2922274236835029,test
83,6400,False,True,i,1.7282908540204114,1.859843401215107,1.7151314877737482,1.8632820262988954,43.31556945255432,1.8421816122281307,1.78323798804985,1.8864941518917004,1.69046402319429,1.890310115377762,43.41863197694552,1.8599115172742333,test
0,100,False,True,c,0.2557131445962009,0.09066052546062052,0.0390721170320246,0.09070675762926746,0.1059504267947132,0.095488065801202,-0.03620206347866804,0.15306251220756806,0.12262832197562533,0.15303650154188803,0.528742391810545,0.17193807740909267,train
1,100,False,True,d,0.07484183331883408,0.07460588512889782,0.06742454000498774,0.0746167860363705,0.016533555293399928,0.015936817223665994,-0.024315933886887055,0.019157030216588655,-0.02053177536547479,0.019151051688627626,0.06649116030059496,0.04085770094966451,train
2,100,False,True,e,0.11882679235458189,0.15608377529163703,0.12222102382367454,0.15614144798673832,0.2533279910707369,0.25462575426348744,0.09840052777666673,0.13016123943551122,0.12055462013106545,0.13015728140865931,0.35482680322526067,0.2331407451242004,train
3,100,False,True,f,0.25326412634549966,0.15786331419822824,0.03466467316489008,0.15788791797793447,0.11111736776315938,0.08662222992516991,-0.0672308998010632,0.07669575023302898,0.06787026195053251,0.07669164047973126,0.7874167799295592,0.13276022587159875,train
4,100,False,True,g,0.18882880153477236,0.1848362678080856,0.32475740489625393,0.18826343537008952,0.18226173368052134,0.32911524889130644,0.06563934698903193,0.06635415425410372,0.28666783509687116,0.06634751556971132,3.4544341197425426,0.29091182985846264,train
5,100,False,True,i,2.594535029617019,1.9651281225003137,1.9453799417389832,2.1188828233741983,1.9517818838224201,2.085348637061285,-1.445461825625067,1.1241935737008344,1.6303695432392145,1.2989320371803508,53.482597514540586,1.835122076897818,train
6,200,False,True,c,0.04995406252292603,0.07881549182047105,0.0067521831938021325,0.12425051396507665,0.07836628412760996,0.059967642371530634,-0.08756952582886683,0.0024172380013711605,-0.06263136883197244,-0.019718617926549272,1.0123273021341428,0.01817521270074418,train
7,200,False,True,d,0.004934767680097901,0.0070037172968206675,0.0023024700877579437,0.007010560869808618,0.006351044293498715,0.005308309547503798,-0.012925599359154572,-0.009956853857097504,-0.009919233180386264,-0.00995857495282543,0.013634065789460035,-0.007947990745055325,train
8,200,False,True,e,0.26673451979074025,0.2763453750188026,0.19267848711496766,0.2763507911480732,0.25041241195404595,0.2548996687449128,0.05029084423077345,0.07290401523557798,0.12755066945054755,0.07290423609209597,0.449858301496031,0.22435696571214453,train
9,200,False,True,f,0.07920737451873343,0.07890677589556946,0.07001949430468597,0.07892444235068535,0.11265187901041288,0.07121039319369059,-0.03062726820385419,0.060352283566207636,0.08053924910516504,0.06033539218410077,0.8129050009723212,0.08429086964218996,train
10,200,False,True,g,0.031276606979620626,0.14830372483718396,0.2875367601702865,0.159443760002051,0.16449826919782962,0.29460730184321565,-0.01305438657505677,0.08951293811271181,0.28253030759048786,0.10901932457228714,3.447946418036974,0.2876635359230699,train
11,200,False,True,i,2.7151572409555733,2.1500232453249994,1.9037387524824927,2.149225974464839,2.1825657860056755,1.9763653882893173,-0.3114974074139399,1.6450149795962958,1.6685900826729756,1.644981303849248,44.46110674479618,1.880066065620228,train
12,400,False,True,c,0.05867199067559469,0.05751558299809788,0.027323178462280433,0.05647022093446243,0.06817650588442442,0.05392992778405966,-0.022622692553387155,0.05764569844070337,-0.0018978957295668587,0.05743845633895653,0.5932695164377901,0.06248605836810228,train
13,400,False,True,d,0.0007486312550661781,0.004055383389640896,0.00015984421658499448,0.004055485459641086,0.004952374158837688,0.004055717395962857,-0.003401769658385618,0.00201863017885179,-0.0022572741379000612,0.0020185963605774226,0.08760304823947275,0.00262838807883925,train
14,400,False,True,e,0.15497397467762736,0.181368071880284,0.1480810062204603,0.18127843039728525,0.26614075192618974,0.2282774350307826,0.1645109437350089,0.18585562370343525,0.1730927804061554,0.18584996532141795,0.30123374323477153,0.24532801027115145,train
15,400,False,True,f,0.019158234076275718,0.05244637892848293,0.0063038086724803025,0.052449893689004615,0.07702367797066499,0.053961281287835235,-0.03834249144539956,0.04651363241258295,-0.025844101603515676,0.0465027635516141,1.0514516210901794,0.05632439585321675,train
16,400,False,True,g,0.047618923306038,0.14708555180117527,0.2818027932515771,0.14683144111592394,0.15998977941991674,0.28511381442212835,-0.017439490855578884,0.11835225658644109,0.297453938324985,0.11833608587163444,4.374774195848395,0.3008459986495623,train
17,400,False,True,i,2.441750075008069,1.9809572573354581,1.71671743720873,1.9807261414131003,1.9632647632674702,1.8916628993742257,0.3164826090632844,1.7320252537566088,1.6358702096941784,1.732260123949794,75.01423121980834,1.861952831924403,train
18,800,False,True,c,0.009000316807412256,0.056655126851623876,0.0037189396187763844,0.05672350240474379,0.07445212617407143,0.05363136209041662,0.004297499552275588,0.055546308854116544,0.007883945974020572,0.0554845107792881,0.7527826058661663,0.06322036529901048,train
19,800,False,True,d,0.006884353628055474,0.006895872372213926,0.0005550919410557313,0.006869334709501645,0.0056249821346255205,0.0051034985329530555,0.0061684463387153875,0.006167880790558105,0.003717111517569803,0.0061584701800972575,0.051189393269695266,0.007567239426658434,train
20,800,False,True,e,0.149699341975046,0.16575714291818902,0.14149744787300828,0.16578021606261195,0.2709714196353898,0.23717736519855162,0.1294245683258544,0.13481023717678234,0.14282669704837353,0.13479448411299244,0.372469822079948,0.23428873521179477,train
21,800,False,True,f,0.0025172356006692275,0.06186432185200937,0.0018254526431405473,0.061876509367445175,0.07567590787778658,0.06049201382476982,-0.0333681299443271,0.02509476399618926,-0.0329062170834561,0.02508425259480987,0.9735916511109456,0.03259130008548489,train
22,800,False,True,g,0.023068281866506647,0.15397927293094946,0.29773515044762483,0.15403448049444535,0.16559023342314735,0.30191766097648487,0.015739381574597325,0.13229310324258253,0.2955941128513628,0.1322531362932252,4.7129616333147695,0.2993443989827511,train
23,800,False,True,i,2.2311610955253456,1.9791990289803985,1.6386493337460224,1.979209675702863,1.9383549958570956,1.8612651643323064,0.9987986677539329,1.6725814251833988,1.5722851939049491,1.6724891492233138,46.47513276021491,1.8643638910417202,train
24,1600,False,True,c,0.005389624361972794,0.05461144587643745,0.003296795405776164,0.05460702074577071,0.06590932427505408,0.053007223665333995,-0.013223942143353642,0.04994625209664377,-0.009009368945198182,0.049946266616942625,0.8365885507039195,0.053952983331748916,train
25,1600,False,True,d,0.009113978606887323,0.004408313321481469,0.0005859368342943753,0.004408525030114349,0.004887446275829413,0.00434465507905408,-0.0008790458314593658,0.008488981110607039,0.003824243006706156,0.008488972478043788,0.07736655376416884,0.008736049618486383,train
26,1600,False,True,e,0.1552246741112344,0.17634090117332188,0.15314418785180461,0.17616929510553697,0.26587521113733514,0.22805300786829633,0.14340757969311263,0.16760235075896926,0.1474763830229236,0.16755201463793154,0.3572955892543183,0.2331998730520635,train
27,1600,False,True,f,0.0011878389941000383,0.05706131625871043,0.0005888514038924017,0.05706158142818417,0.07045191888224057,0.0533328749234038,-0.008555060689653348,0.03435189830928152,-0.008504958049479828,0.034338676127443006,0.8721285978409522,0.042456598904914544,train
28,1600,False,True,g,0.011040233920816678,0.13517559633073264,0.27985690650206496,0.13525080812751233,0.14857660779907922,0.28200594236729526,0.0005252482554827664,0.13306679177450484,0.2891123113487646,0.13302846643518798,4.540623412409753,0.292769831399875,train
29,1600,False,True,i,1.9552211922635454,1.865564198853215,1.6273354671311415,1.8653768969659348,1.8767175135549932,1.8165815837792199,1.230959685633723,1.8039526616773247,1.6888717415579424,1.8040492022982937,61.86194949552215,1.8565969637388544,train
30,3200,False,True,c,0.002095325911505436,0.05600862775596365,0.0017377257524047245,0.05600774176672911,0.0698761815461651,0.05571733990974504,0.005456474694052776,0.05326154476662346,0.0059537938717994674,0.05325895234044758,0.4973333732634401,0.05593346548547801,train
31,3200,False,True,d,0.002358224904789344,0.007550806910597079,0.0005595458840220703,0.007807735310867722,0.0074902075992522585,0.006116613872969475,-0.0050089050441199014,0.00029524261395259544,-0.003431320690016522,0.00010566729184549928,0.053877405893107626,0.0011389655015723033,train
32,3200,False,True,e,0.15340671679957413,0.1729520965652912,0.14982855650340615,0.17295117870681476,0.27085655542850967,0.22935631430057535,0.15078304260957814,0.17079542403542283,0.15437451334820168,0.1707810997958451,0.3631818941369103,0.23686878228920982,train
33,3200,False,True,f,0.00035974183705161813,0.058243423202760394,0.000156898517889698,0.05823471089399966,0.08124491716778692,0.05658966380588094,-0.0038599960469322702,0.044777051759727585,-0.0032409697693889074,0.044770072651188,0.9341339722775701,0.05376537713190743,train
34,3200,False,True,g,0.0014677771180376157,0.14693527196224415,0.29603219198286146,0.14695886066933667,0.16830670486607865,0.2996093087101906,0.004983598014551433,0.13555184354546534,0.28642217921477675,0.13552535127910553,4.715273011341758,0.29034990948811534,train
35,3200,False,True,i,1.7356939514317546,1.8733788545699037,1.6655331467460681,1.8805251908508962,1.8682002138307958,1.8406815195964348,1.5573611312983673,1.8184435223309328,1.6753532114188585,1.8262488956669303,46.08811367231537,1.860875788480516,train
36,6400,False,True,c,0.00018572057133790798,0.05435656654711494,0.0011915252604907326,0.05485054241921638,0.07854127616390932,0.05623167747498626,-0.007689850468246613,0.04609433494946636,-0.005955351812603065,0.045530112988015146,0.8031237413733245,0.04860465379131029,train
37,6400,False,True,d,0.0001502634856394186,0.004542846453781171,0.0002517371646968926,0.004542167228196173,0.005231660206142455,0.004532665577227258,-0.00048455252403482505,0.0038359034784520673,-0.00039906449016978706,0.003829673007754764,0.09320990441089826,0.0038871399573487952,train
38,6400,False,True,e,0.14866480649899969,0.1661408691853371,0.14722691004773433,0.16618971454258794,0.25923364395493037,0.23063055181023917,0.14070488638431472,0.1612792989511053,0.14229572669541352,0.16126623320064898,0.4637776247537385,0.23197410983152417,train
39,6400,False,True,f,0.0004959680503983866,0.05463573214231876,0.0021292547733496657,0.054632929986961704,0.07812598789314909,0.054754053084731996,-0.018199828415348073,0.03410349582468477,-0.015248700787821107,0.034096774475694785,0.9149925052353065,0.04092046746716982,train
40,6400,False,True,g,0.012923427789146028,0.143498595264317,0.2938136908674434,0.14356363695193225,0.16663814588347525,0.2955624466293342,0.013470200497219755,0.13960041800695333,0.2929673108538251,0.1395773979545324,3.212015759486375,0.2944628392172634,train
41,6400,False,True,i,1.8215226486349445,1.9098232380823361,1.4890311339013516,1.910168833127788,1.9106132153958644,1.8990050981820348,1.6796125820874437,1.839343026645347,1.4757643789668569,1.8393951314802501,46.89566377623292,1.8601266870134472,train
42,100,False,True,c,0.23999820268645183,0.09217386671258736,0.0390721170320246,0.09223458908185272,0.43561021503204017,0.0804718752326333,0.3313965296240768,0.05453760208910957,-0.0012453459700311209,0.05457996606101098,0.24826574673298837,-0.00048351674305591175,test
43,100,False,True,d,0.08986865733987086,0.04179272648753398,0.06742454000498774,0.04181316317693762,0.06914960083767928,0.0069264860261619874,0.09843229761764072,0.04593219788572437,0.1053491324468709,0.04594396781112227,0.052756500042822105,0.008331247240184969,test
44,100,False,True,e,0.2051448053673756,0.23606435411096385,0.12222102382367454,0.23610834195231656,0.4207376210647415,0.27138919671285605,0.19576777136503112,0.20465623242644768,0.21117339801963136,0.2045675235849013,0.35365909542194385,0.2351165460509725,test
45,100,False,True,f,0.15717613323643032,0.1453691347670198,0.03466467316489008,0.14538672327703678,0.8229522406269824,0.06358334455296256,0.07661324502809432,0.07643308646517845,0.006551117454536641,0.07645313396559324,0.822026318491228,-0.010555830200857597,test
46,100,False,True,g,0.17653425506861545,0.18005282880044848,0.32475740489625393,0.18154566239833886,4.466744098804572,0.27227179268936347,0.17397851864472075,0.19344045436491308,0.28684047345455826,0.1906739912057607,4.13857757128334,0.29106822290383494,test
47,100,False,True,i,9.365859037594621,2.9432609476507166,1.9453799417389832,3.840969537403043,61.345875054590906,1.9414667298932033,9.353254301635728,2.422844771729288,1.8600308365255376,2.4824009684795754,63.6463079504107,1.8796953001837204,test
48,200,False,True,c,0.03943354675920992,0.07548922657922864,0.0067521831938021325,0.08794494935299493,0.9544300142174452,0.06549999313944257,-0.026116153242391586,0.03469191093561328,-0.053775657181991766,0.054229876073194135,0.8776737733651229,0.020777930654182264,test
49,200,False,True,d,0.005500803165404019,0.007190190255302964,0.0023024700877579437,0.007193796761670182,0.03697212213993108,0.007313074865794836,0.024597852144377805,0.023650779398765087,0.017595774103094482,0.023655662099398445,0.05647378004956957,0.02035702397774873,test
50,200,False,True,e,0.17577361253445886,0.18401546273092972,0.19267848711496766,0.18399739121340275,0.3603169936326465,0.22734280013753827,0.11864817536801096,0.1328747116223348,0.11460267461676722,0.13285324763230272,0.3902826316221866,0.2183515317465625,test
51,200,False,True,f,0.07280986528512427,0.06594278244519478,0.07001949430468597,0.06596176781044123,0.9977931936361766,0.047431691655325764,0.012983292455179148,0.07390121205411682,0.08914972742812018,0.07387193328998798,1.1598117979040152,0.05338112457017741,test
52,200,False,True,g,0.02471557172771818,0.19118136840376235,0.2875367601702865,0.20765639670151045,3.5744524917066536,0.2920871101923713,0.00410248218483671,0.19980584478468102,0.3026641296245029,0.2151079358896211,3.5867536456112337,0.3058651032057265,test
53,200,False,True,i,4.080914657328032,1.9807506388430915,1.9037387524824927,1.979942963928577,55.58989345201758,1.808218322544368,4.412480103853712,2.029079087638631,1.6439303213170695,2.029649631552156,54.854318269945736,1.8666449934728233,test
54,400,False,True,c,0.04257975645174521,0.05323590146411358,0.027323178462280433,0.052114855942701155,0.5739163874631639,0.053697815717686594,0.036894860587288726,0.0778264206708353,0.016612803127383842,0.07266970969396674,0.7518678853116496,0.06902001358225662,test
55,400,False,True,d,0.0009874423668680176,0.004483289998038145,0.00015984421658499448,0.004483417829022832,0.09450138157233134,0.004722589021786718,-0.00990038119618182,0.000848237914599661,-0.008456490862689998,0.0008483929393679013,0.10094914691718447,0.0008461360478717872,test
56,400,False,True,e,0.1562738411709496,0.1809147408110347,0.1480810062204603,0.18084941199998458,0.26299794275654004,0.22789704117838464,0.17992644260659205,0.1935523904272325,0.16746031995873012,0.19339901117737066,0.24646595959477693,0.23150474421850362,test
57,400,False,True,f,0.021646859447494716,0.05876184021852647,0.0063038086724803025,0.05877073142004418,1.023893444155698,0.0538769692084147,0.028574512391791186,0.05441308425194663,0.009489838762171923,0.05439991057592899,1.1231289036500136,0.05977022284197597,test
58,400,False,True,g,0.06197285685899381,0.15698709814370987,0.2818027932515771,0.15671781229095802,3.915911391094667,0.3077787358503761,0.026015487823055534,0.14152457343388924,0.2922353261744505,0.1414462259988327,4.046545788697332,0.2960145429912077,test
59,400,False,True,i,2.2966654938732542,1.854738427936971,1.71671743720873,1.8547486675163773,71.31156794473073,1.6594845312824038,2.136155664664124,2.0179255352662966,1.6609266018321034,2.0178523348747497,72.3736405499368,1.8565135927309853,test
60,800,False,True,c,0.0075919792527686936,0.058690871495865764,0.0037189396187763844,0.05875054637003289,0.7651758373475401,0.06653989307911057,0.0645496768664281,0.10598957928421938,0.066698005276712,0.10598800888655589,0.7587757561766102,0.10003576166524691,test
61,800,False,True,d,0.006440030857369338,0.006446671130001216,0.0005550919410557313,0.006429221591251116,0.04766416987117039,0.004921278418044334,0.010116814918599257,0.01010533237112151,0.002460100212326216,0.01018115906646667,0.057501727814123334,0.01045127547345201,test
62,800,False,True,e,0.1896489722938237,0.20428684401153632,0.14149744787300828,0.20431141738570122,0.40136991645574654,0.26221817425165245,0.17046836313079272,0.1790500880753242,0.14625443648552933,0.17902874007146052,0.3384704847559328,0.2317454127898407,test
63,800,False,True,f,0.0027599351093391578,0.05647805486838319,0.0018254526431405473,0.05648502286171948,0.9359720965863062,0.053623180980873465,-0.015845102186550573,0.03311355192963397,-0.015930915809073562,0.03311612534816014,0.9433974722265768,0.041053403503155894,test
64,800,False,True,g,0.018923077624432006,0.14955708492750575,0.29773515044762483,0.14946328308125265,4.061648314721692,0.30259226209774764,0.010993527293811454,0.1525976874712384,0.2903755079571663,0.15272775304370928,4.058459106013537,0.294074827032834,test
65,800,False,True,i,2.478866563248145,2.1073258685442946,1.6386493337460224,2.1073547201946057,46.10731236495728,1.9750297354291393,2.370420278527154,1.9835821941752971,1.6293604273254847,1.9837356938482424,45.18231197380354,1.8685996176781532,test
66,1600,False,True,c,0.004087654653542575,0.054670299434655345,0.003296795405776164,0.05464910691584096,0.7593757936734395,0.0591016144405406,-0.04019330314186716,0.015556265317013712,-0.043026972031750085,0.015544617213272289,0.6785657923702577,0.009559839073668086,test
67,1600,False,True,d,0.14754577901344001,0.0052102387424198815,0.0005859368342943753,0.00521048046419936,0.07496995053198606,0.005314799355084752,0.16035858900875868,0.009962331637210688,0.008145165348115928,0.00996346841453903,0.08543673475080402,0.00999117381428416,test
68,1600,False,True,e,0.1498379328393888,0.17138144608906278,0.15314418785180461,0.17127800977035862,0.35487237683359507,0.2294432641711478,0.1446940377166583,0.16564584179228034,0.14322054179680918,0.1657450934709255,0.36257614378139985,0.23192816214514006,test
69,1600,False,True,f,0.0012452031037129263,0.058411264564041845,0.0005888514038924017,0.05841134880193833,0.8798484770830545,0.05497842139664269,-0.016147437398909864,0.03342369929885422,-0.01539901284673455,0.03340673026448421,0.9433487834729104,0.044562934040405844,test
70,1600,False,True,g,0.010853329718957982,0.14274913477088907,0.27985690650206496,0.1426709406783101,4.144475842877074,0.28408578558820474,0.00037886054317529116,0.1341058502673118,0.2893716226161838,0.13401003300917613,4.169581630466518,0.2928347888293743,test
71,1600,False,True,i,1.9841994465527975,1.783331707940689,1.6273354671311415,1.7833561539387555,57.61009329613794,1.762992543122815,2.0446271290935716,1.9065846328240699,1.6855958294887228,1.9066218509891117,57.53080536731493,1.8672498738403591,test
72,3200,False,True,c,0.002197085246172944,0.05421526538340265,0.0017377257524047245,0.054217981808416596,0.4606373996711611,0.05638155538948829,0.01719082165377518,0.0679698936765842,0.016712440366707562,0.06798135697702393,0.4684217505183576,0.06964307999424496,test
73,3200,False,True,d,0.0017993944724259453,0.0066155099762310035,0.0005595458840220703,0.006614434429427908,0.06426327841451066,0.005107756544978217,-0.0007332218370986376,0.0030807734945765474,-0.0019232960540536443,0.003790696485804297,0.06029630647423012,0.0026451969699546746,test
74,3200,False,True,e,0.15333642997853802,0.17614553983189982,0.14982855650340615,0.17613501690101951,0.35996955954018495,0.2344600134422357,0.1564871299709812,0.1784387640903841,0.15396872363999248,0.17843789621151984,0.3617533959039417,0.23361986341462232,test
75,3200,False,True,f,0.0003538156300528069,0.05859124601225667,0.000156898517889698,0.058582269963898044,0.9565344793563821,0.054675385202978335,0.0025141150948876745,0.04972009038592489,0.003176102336751523,0.049713096776905205,0.9661876498502654,0.059064482614122726,test
76,3200,False,True,g,0.003644299981834375,0.14225002161646078,0.29603219198286146,0.14227913700438827,4.427724467613137,0.3013305815783177,0.011005445607380298,0.14153163988031203,0.2886210186746457,0.14155925880875572,4.345901438917218,0.2920336743533828,test
77,3200,False,True,i,1.7385913425817756,1.849763678318308,1.6655331467460681,1.856160009757957,45.19924811606753,1.8272544621424731,1.721887872039999,1.8856660756143264,1.681974130200802,1.8866780779079568,45.0374068729596,1.8625940094676448,test
78,6400,False,True,c,0.00016452667154408612,0.05341827048337375,0.0011915252604907326,0.05335180670380239,0.8274391192412581,0.05478725434467076,-0.0005838465860979286,0.05305419360792335,0.00027460065667736787,0.053734318942206157,0.8225842952029367,0.054458675309583704,test
79,6400,False,True,d,0.0003926531905834717,0.005249455705514696,0.0002517371646968926,0.005247901119593069,0.0963128528892116,0.00522717404126968,-0.002057460611416547,0.0030472921682280687,-0.0018737043869884696,0.003050528168172484,0.09390422591497248,0.0030868417456773323,test
80,6400,False,True,e,0.14853212286119208,0.16703019348284798,0.14722691004773433,0.1672709052111572,0.4721879387372298,0.22735980643830714,0.16004952814566722,0.17978505321555566,0.15571149321048677,0.17991826103833206,0.4842271787189008,0.2336202984908239,test
81,6400,False,True,f,0.000501445408251941,0.05732893068177269,0.0021292547733496657,0.057325648579519786,0.9596102626761821,0.056557210375668195,-0.00541431034813875,0.037973680182542255,-0.0032228373329352554,0.03796730597745054,0.9318476166306796,0.04609888804853668,test
82,6400,False,True,g,0.012554100652660206,0.14899564820354277,0.2938136908674434,0.14905545857117863,3.209753255251294,0.3101193741633263,0.023669489883944756,0.14124998358881455,0.29293142549038204,0.14140854505734965,3.1328027405736343,0.29439361451930385,test
83,6400,False,True,i,1.8115448363721738,1.8827816312737256,1.4890311339013516,1.8831495137784973,49.54997750090251,1.8687831081498765,1.7798548184246192,1.8592499584382551,1.4789988396463198,1.859542079598175,49.75820121118385,1.8654560452388107,test
0,100,False,True,c,0.19522069152891755,0.09369751816998186,0.024867681560645397,0.09372012827940873,0.08089308517419116,0.057365948533114934,-0.1303910940444483,0.01598735172248034,-0.022122430110137,0.015975750815749378,0.6289279182731584,0.056698131666842844,train
1,100,False,True,d,0.011088950563587168,0.0032874124868377554,0.002064293300502385,0.0032874006925894877,0.0034276852374351395,0.0032873788207643216,-0.023385173255845625,-0.013150082228029093,-0.013412053072230415,-0.013150637229691356,-0.0005689036044701723,-0.010581563140455871,train
2,100,False,True,e,0.1618097119736818,0.16009529074239415,0.1323198618200262,0.17229986989729543,0.2874464141974975,0.2670426413409626,0.07870222516895832,0.08910923458553495,0.09927990741553915,0.09205244876863791,0.3995548541275917,0.20322366967260003,train
3,100,False,True,f,0.012738024593595503,0.06734816236052227,0.010900367630061542,0.06732260865712748,0.10233826085751771,0.0578758721251626,-0.015116649755248759,0.054629394189020034,-0.007405454258517634,0.05461601351416114,0.8266783691155345,0.09463474365604163,train
4,100,False,True,g,0.08027050357823697,0.2422666416219537,0.3049935203930278,0.24226441228852363,0.23441959295773465,0.3187995281481102,0.004080616425316528,0.09294571299756137,0.28559222933298034,0.09291652797527412,4.874411114863929,0.2901667649574183,train
5,100,False,True,i,2.697954285739186,2.4970292978967614,1.56772340576553,2.497203956688747,2.2221757806456157,1.9649973627053887,-1.051437804268865,1.3922164559163814,1.6167872173464204,1.3922484367051835,44.5472940418392,1.8891470302311153,train
6,200,False,True,c,0.022538121119227723,0.055161308119790906,0.0035041369755635567,0.05315322257239382,0.09080540771950579,0.05299071977655198,-0.08457918141930153,0.015940702731391598,-0.06584081661556415,0.015753494060257653,0.5410075510368729,0.024746254125298572,train
7,200,False,True,d,0.01739597740089239,0.007288802425395662,0.005717326437458323,0.007287988487182246,0.006162080622192826,0.00592251592246718,-0.010027711054144692,0.012950965848037583,0.01324329936711209,0.012951315332961713,0.10309332438809239,0.014945320248913069,train
8,200,False,True,e,0.16093808959918188,0.17001356959236244,0.1503801478158942,0.17001728852634396,0.3177832711370984,0.22868064272368638,0.13584228078430768,0.16732080157894777,0.1608087245300164,0.1673055688619833,0.2699797704939666,0.24429049785333384,train
9,200,False,True,f,0.12226244137509608,0.0646727576171104,0.0033176043169831893,0.0646752689691791,0.06457863666418802,0.05191128177652799,-0.09519646147564903,0.012232682960466335,-0.021013151740942784,0.012218645570027534,0.7805809927398398,0.03173121600048745,train
10,200,False,True,g,0.21692147785174754,0.22914670490429148,0.4201296184840357,0.22915190141056674,0.2702888381726631,0.4247169162770634,0.12764960193492703,0.13917530415486026,0.29664122004085236,0.13914227703349327,3.6153690439467505,0.29980991298281023,train
11,200,False,True,i,2.3623930263522848,2.0799789471493617,1.674005330598609,2.0811315778989092,2.0089722326171597,1.7666732442831679,0.6839258976560231,1.6103969496813562,1.6394394353630821,1.6104016008780082,49.597015811477284,1.9014922245279782,train
12,400,False,True,c,0.01798405742212881,0.06336891046243263,0.006616173196992984,0.06349013766909262,0.07024012824852867,0.05808235281671288,0.012608674099321857,0.0757688581835614,0.0241350371772034,0.07568878269838322,0.6375582453794355,0.08349683228780402,train
13,400,False,True,d,0.014920133629971879,0.004901800714587293,0.001082795035028418,0.004901930428058756,0.005397649156146055,0.004901822455643667,-0.018157551495348558,-0.008125101058866307,-0.011044490067628799,-0.008125277328913327,0.006540932321455131,-0.007504011742298186,train
14,400,False,True,e,0.16970604669091652,0.19037183155250276,0.15672585491908453,0.19204174044578895,0.3153212674622874,0.24580046730847113,0.12535465801948298,0.167755385689053,0.1476525925200716,0.16791622035145728,0.3127413760508202,0.2361881930648186,train
15,400,False,True,f,0.039069263033391075,0.06214944548547816,0.004428573311674272,0.06214636537206062,0.06713671891990164,0.05581509969517175,-0.0170367331900616,0.04057314328777075,0.016497586880831673,0.0405652376793055,0.8306410866652694,0.05165351277926106,train
16,400,False,True,g,0.020741174868753584,0.1563182607247548,0.317965871028321,0.1513569478471192,0.17505151458919493,0.321301914842967,0.027645832344547604,0.1401868102507431,0.29177600557627403,0.1544981204202175,3.4772323861978665,0.295666772547992,train
17,400,False,True,i,2.0948081574481288,1.7048618579969983,1.4359310651525286,1.7372047853422925,1.7207748269214185,1.6047541833372432,0.5930300437235521,1.594894153201137,1.6336717954171942,1.6125879348074332,47.43938689676511,1.8445600364198067,train
18,800,False,True,c,0.034676103446696464,0.0568490169496137,0.002607830390213412,0.07336141304094354,0.08644617851296131,0.057228040633287416,-0.05459831424683161,0.019742068842783737,-0.03257344389618624,0.009786185571014556,0.7728283105388357,0.02150790410427661,train
19,800,False,True,d,0.00506143990629944,0.006424165156809503,0.0012253982786216838,0.006433696597201093,0.006488977494323354,0.004894830759679444,-0.0036386074312929374,0.006043309200079464,-0.00041879590086402966,0.006040775656352082,0.08767625358610806,0.007491299343870286,train
20,800,False,True,e,0.1486394238953085,0.16913252596061934,0.14175237608898272,0.1690614466091937,0.25324264622252896,0.2190481747877692,0.13146174748776,0.16077473589668378,0.14306073283189086,0.16076160546212265,0.3540103474190651,0.2324725841808343,train
21,800,False,True,f,0.07351995138089393,0.06914702802606428,0.0008516106835376898,0.06914622056522354,0.07375223807711495,0.05682576221592105,-0.009511914440939951,0.06252032567028593,0.026829018346568444,0.06251035956074219,0.9625444827616387,0.0783751460466185,train
22,800,False,True,g,0.016754625010337476,0.13606916829106422,0.27552455750960886,0.14333767735832956,0.15122425448638388,0.2771194002721006,-0.0031553862543277824,0.11175000201573866,0.28471179876129443,0.13016306843987502,4.055300722753784,0.28868815684007865,train
23,800,False,True,i,2.3920671629986385,1.9126704579654799,1.6462945546371461,1.972468006520505,1.9072763262419525,1.8361107766707716,1.0719981300635135,1.713860767982034,1.685520484839882,1.7335933228120375,49.368350246972796,1.8467157445590032,train
24,1600,False,True,c,0.013562627453223315,0.055412640466092775,0.008943067449852203,0.0554159263111814,0.07808868105427048,0.05592521347431258,0.02888838100920026,0.08734819896415245,0.03165150553521319,0.08734306657034857,0.7199904860816781,0.09415250870867525,train
25,1600,False,True,d,0.004962245561004089,0.006564225189571368,0.0018249697029699124,0.006545473037287919,0.007736709185506554,0.006383258014265026,-0.0029618573839819296,0.0013358473996855126,-0.0009788380588988635,0.0013182159265318738,0.0797019024046453,0.001691689908988464,train
26,1600,False,True,e,0.14559325476394458,0.16223594519359197,0.14398647147865135,0.16223385768268933,0.26314703921341187,0.22696559657547638,0.13412946433446044,0.1609156023168071,0.13913446294196738,0.16090948219107395,0.36578943456070945,0.2272728482204601,train
27,1600,False,True,f,0.0012034533436304103,0.0582997535466231,0.00288898929513098,0.058296095100803094,0.08793913917513496,0.058894145388539695,-0.01065530148338603,0.04063123299941985,-0.008333601121474382,0.040623486837022396,0.9248809071720087,0.04929893998234253,train
28,1600,False,True,g,0.014413671054846455,0.13930481657169336,0.28168942330690466,0.1393682128689419,0.15601917996910644,0.2837383851282135,0.0038028973014225175,0.12396337527756984,0.28641517958056023,0.12394556278193293,4.6300326898845325,0.2889089079297191,train
29,1600,False,True,i,2.0967958473231687,1.9867853859423559,1.7344383821068163,1.987903967551751,1.9804813510619248,1.956680650271304,1.2353602876527285,1.8052729077875702,1.6368201892310805,1.8056442179333678,49.05708309385137,1.8669799783403729,train
30,3200,False,True,c,0.005317611613078533,0.05458911298525911,0.0014804563404949578,0.05472101776879207,0.07308739884705226,0.05473214523975601,0.012756617422295337,0.06972994187935441,0.016388632182753562,0.06959871900331933,0.6543839024519258,0.07265860766147686,train
31,3200,False,True,d,0.003157654406725268,0.005429645917495593,0.00028620363748900474,0.005750413800115832,0.0063322292656492795,0.005325692372101077,-0.0003191600301898033,0.006699677871474208,0.002269924062927426,0.006414252092357558,0.023449525072719853,0.006842874305276747,train
32,3200,False,True,e,0.1517443661726754,0.17155252251337497,0.15060200780526806,0.17135724736165497,0.28734952781911743,0.24469755011203576,0.15421431225915372,0.17767629676851537,0.15574882761643355,0.17790029379775302,0.35836772525612987,0.23474655143904608,train
33,3200,False,True,f,0.0013701581556809879,0.05946061653106756,0.0010699269762951946,0.05946068162432522,0.08063773038468344,0.057200421905692786,-0.0025896520895353414,0.04004864636772723,-0.0024084041596188844,0.0400359509980288,0.8825924563334572,0.04869395363318807,train
34,3200,False,True,g,0.1377523167671389,0.13792460053808483,0.2774127079455778,0.1385384654706687,0.15612249869022027,0.27984389925778236,0.12331420601040445,0.12309187650643971,0.28955534641665376,0.12328100355162015,5.333800128718409,0.2931654949815858,train
35,3200,False,True,i,2.058470543695166,1.9340741067860145,1.7036284935890296,1.9342789182001687,1.9219520911004264,1.8885821139553636,1.6170476961543232,1.8087049469942924,1.6710127822458476,1.8088704388189087,50.180909444244335,1.860287036592616,train
36,6400,False,True,c,0.0033402445074584074,0.05444022710573998,0.0004491107028091336,,,0.05608162597061189,-0.00013179769252495365,0.05562054108940949,0.0021049221010506548,,,0.05856171946898131,train
37,6400,False,True,d,0.0007014371663041254,0.004859774364040943,0.0002269866820526378,,,0.00484634553434747,-0.0028328633546844317,0.002916527379917149,-0.0022112348741220966,,,0.00296289854148743,train
38,6400,False,True,e,0.15609532905857773,0.17550335507952597,0.15493473282193318,0.17649166511959108,0.2700964466129119,0.2350399848149424,0.15106497608238045,0.17314810246607693,0.15219480140455383,0.17335591789110694,0.4104559674718413,0.23448504142438367,train
39,6400,False,True,f,0.00048041569295207266,0.05912999636877179,0.0014315163488260489,0.05912206359193647,0.07482395728478596,0.054399239108773395,-0.0014152436013761883,0.050062930263391085,0.0008342664727288762,0.05005699362344245,0.9524016943112684,0.05995749605642603,train
40,6400,False,True,g,0.0029150179510050393,0.13979175069529803,0.2972858090488725,0.13985102821477136,0.16373633032076576,0.3000795833812593,0.010514484217422815,0.140828113287955,0.29124948610949886,0.1408468677781547,3.1492264812994755,0.2937648960542844,train
41,6400,False,True,i,1.7978176053419759,1.9151491628456656,1.7255028319998928,1.9152225708255526,1.9192395130082633,1.9093642681069392,1.6200711282164395,1.8502507448333083,1.666068418970797,1.8501965712831132,39.852339520206634,1.8626275162365766,train
42,100,False,True,c,0.2962056557510175,0.09049977619116753,0.024867681560645397,0.09050359722495527,0.5089791932051871,0.06553807422653715,0.20672497074077445,0.12919470675261166,0.04866411012756096,0.12920835583559964,0.5157977956379903,0.09263108144551524,test
43,100,False,True,d,,0.015400853489561328,0.002064293300502385,0.015401013804310795,0.033979367153674375,0.021396130251941495,nan,0.05226518240791965,0.04596948775661073,0.05226662974887443,0.06754196575240709,0.04628509759706599,test
44,100,False,True,e,0.2646655119304684,0.18499798422423244,0.1323198618200262,0.2602298807966849,0.3854153998777161,0.2501818688205204,0.24967444440319292,0.17214901927945586,0.15794784422823602,0.2674773379315691,0.38472589080940767,0.23492140386612326,test
45,100,False,True,f,0.01203856232383448,0.08737697482025586,0.010900367630061542,0.08734730209241473,0.87902254555941,0.07677685344826267,0.0478590799498589,0.03794653330643676,0.05302547682046517,0.037945658653863464,0.6033622937127677,0.04414321895950696,test
46,100,False,True,g,0.12432829614875793,0.1332467000087335,0.3049935203930278,0.13341144604515448,2.311626656594512,0.2959516676037833,0.0949970418695592,0.14871721737813856,0.2927434063389118,0.14861865185183015,2.219853578681467,0.2936051654800394,test
47,100,False,True,i,3.7421214976490274,2.0467281674777125,1.56772340576553,2.0467772251017173,52.1866864580762,1.5605667298837855,3.487265480380468,2.9086118464489368,1.6567545585549435,2.9097414663156616,53.36866038720868,1.8480177949251133,test
48,200,False,True,c,0.02296614411283636,0.06602565387009042,0.0035041369755635567,0.06357606952768938,0.5555119656211097,0.061334578918177465,0.03560091932150044,0.023384493801891466,-0.0067338576892649596,0.02234432898166453,0.480105372116123,0.023949227314544796,test
49,200,False,True,d,0.05223226148391099,0.007275934864652666,0.005717326437458323,0.007275232436815097,0.09095290573848272,0.006066481733979512,0.04840009635463753,-0.015272670571375872,-0.014158420268069044,-0.015273595361965136,0.059483736704185226,-0.018671062481374,test
50,200,False,True,e,0.14535528943396503,0.16376032339181862,0.1503801478158942,0.16376732946013683,0.24111304697906824,0.2085807930076175,0.19922270952558127,0.21018645445134113,0.17985240548720735,0.2101969246307209,0.32619671844812925,0.24813133420219968,test
51,200,False,True,f,0.08262367842785548,0.07340681620185042,0.0033176043169831893,0.07340993618109334,0.7051145005400729,0.06146785456851694,0.09814776019957266,0.0659857431970788,0.06044985159727233,0.06596414274492211,0.7064223981183028,0.08852750814398003,test
52,200,False,True,g,0.14684057997444194,0.160980546681886,0.4201296184840357,0.1609977105736466,4.591213492802282,0.2933728610763505,0.14991951599135891,0.16666929511227532,0.2993601403279783,0.16674814314080894,4.7021200145272815,0.3032797079305464,test
53,200,False,True,i,2.8139266360799495,2.364585051017906,1.674005330598609,2.3657465320298634,42.93800471237751,1.9569399902630715,2.6129009077676018,1.8804301372232024,1.624154089478321,1.88109419143702,41.68918580078968,1.8443608987523352,test
54,400,False,True,c,0.015668009613679815,0.053983091981981694,0.006616173196992984,0.05411415149800822,0.5520473455791175,0.055686298933432764,-0.013409616106960027,0.028647082271472116,-0.03841765064466562,0.029161101474872525,0.5057381307922444,0.030014963101214986,test
55,400,False,True,d,0.006815283645639762,0.004448990662622176,0.001082795035028418,0.004449159244244374,0.021365770478224494,0.004417569926579875,-0.004704988629920302,-0.008570047333408689,-0.01204120779157973,-0.008570606975847977,0.006551578902949942,-0.00795712251985542,test
56,400,False,True,e,0.14563108739366254,0.16774823685309218,0.15672585491908453,0.17013200658533248,0.3011979116939168,0.21040375556929558,0.17867559608001543,0.2148341087205118,0.16591166847106714,0.21763956103847093,0.358508901536742,0.24189931331104286,test
57,400,False,True,f,0.03337460524451899,0.057189413043548,0.004428573311674272,0.05718586982046179,0.8422395405765851,0.06210771887760548,0.0308342237758398,0.03652340905008884,0.000546721097603164,0.03651527976006477,0.7169623737094298,0.043952328239414584,test
58,400,False,True,g,0.019460468305957716,0.17403895330919775,0.317965871028321,0.17184568624377236,3.927733601488944,0.30226802051582524,0.008988375330215174,0.175031249630703,0.2922360528520547,0.1604689639430165,3.973306502156916,0.2963023331424929,test
59,400,False,True,i,2.945562290524845,2.032448175798274,1.4359310651525286,2.108179550676683,53.44434172903392,1.8316237579318646,2.866825554679614,2.0957706893669537,1.7557748864718097,2.1984609925244567,53.4160544287508,1.8944572039654775,test
60,800,False,True,c,0.013495842209608684,0.05624395681105801,0.002607830390213412,0.057143696115332564,0.7960122676489693,0.05655256112497557,0.030003618402181943,0.05565207207068554,0.004171583711179121,0.06076169748130518,0.7427426059170534,0.05338715188174509,test
61,800,False,True,d,0.001643847573140297,0.0033899997794310283,0.0012253982786216838,0.00339475791605044,0.08290437273896552,0.003312863002009976,0.006794357316529243,0.00970806854113114,0.007100561275325902,0.009716628439159365,0.08985772077199475,0.00917589047129383,test
62,800,False,True,e,0.14465402402495253,0.16871640814245875,0.14175237608898272,0.16881907682084116,0.377193057088156,0.2348517123827532,0.13351375085895925,0.15706577637442323,0.12964736629662135,0.15715513034659864,0.338952250417083,0.22331115716765287,test
63,800,False,True,f,0.07107903286359903,0.06467923675005975,0.0008516106835376898,0.06467838846122917,0.9455072084916989,0.05187474038686148,0.014386702247815642,0.06885562127094097,0.013718490072098148,0.06884363430675357,1.0515631845636046,0.08511555986842911,test
64,800,False,True,g,0.018343856882229205,0.1419046009119349,0.27552455750960886,0.15214243851611198,4.021822913614101,0.297823043236626,0.02407392624511346,0.15539203872156607,0.28893952069536943,0.16079438034625512,4.112285442313062,0.29255000981402446,test
65,800,False,True,i,2.2484981546487517,1.8089637141239947,1.6462945546371461,1.86048364135371,51.91667367255605,1.7903676316151331,2.448547130776574,1.9060446069413015,1.6729292071074087,1.9812185120020607,52.38571609631998,1.871207435216548,test
66,1600,False,True,c,0.009962665435580425,0.054383321710400584,0.008943067449852203,0.05438830290788607,0.6749571492722392,0.054830309293204295,-0.036006512694714825,0.027812889322859677,-0.04220863102582348,0.02781731109931691,0.6815797369877136,0.021535559828936623,test
67,1600,False,True,d,0.002828745635855285,0.0058551554859821355,0.0018249697029699124,0.005839113789237824,0.09382770309091475,0.005467709077845066,-0.007325732262750953,-0.004156573751299142,-0.008134735284093753,-0.004240797851096989,0.07949730298890376,-0.004728864135214256,test
68,1600,False,True,e,0.14704405873835044,0.17030885553909125,0.14398647147865135,0.1703075974511639,0.37801438604967885,0.23807535840544233,0.16840291818318057,0.18043733434493286,0.16263095458834173,0.18058501533167257,0.3903625910314309,0.23393781076581294,test
69,1600,False,True,f,0.0012945112057083624,0.05986696518689585,0.00288898929513098,0.05986342863901573,0.9825216345257062,0.0554820058060631,0.008246255495415782,0.04522640983788179,0.00730051122200405,0.04521703987485196,0.9939743982637309,0.051891146269285426,test
70,1600,False,True,g,0.014115813438363016,0.154647345824066,0.28168942330690466,0.1548867884913035,4.765727780280879,0.3070514498509369,0.02689612163403827,0.14992293546426866,0.29215858579656856,0.14995532204529474,4.679661109118755,0.29433065162539973,test
71,1600,False,True,i,1.9753806195240649,1.8610043547788329,1.7344383821068163,1.862154155690142,48.68199907775765,1.833725031529052,2.0481990516041306,1.9078083931314327,1.6504598365699141,1.9092030463496739,48.690325151821256,1.8642379829757134,test
72,3200,False,True,c,0.004952467682716267,0.053909364025634204,0.0014804563404949578,0.05430234469477283,0.607146233163831,0.05489662797911698,0.02714805012248464,0.07194160525273838,0.023698559096004605,0.07169210910602253,0.6427695887515568,0.07551453074043102,test
73,3200,False,True,d,0.0014855040582404868,0.004850897409646376,0.00028620363748900474,0.004958673093027864,0.020148971266024007,0.004742612977111324,0.002447471505768828,0.005909617514274715,0.0012503771679249,0.00587773096322902,0.023262549761819643,0.0056903118641919576,test
74,3200,False,True,e,0.15387726192970136,0.17263878197847993,0.15060200780526806,0.1722700212551965,0.3549336681548612,0.23770755450001002,0.1513797199300463,0.1664273834986326,0.1494926315515457,0.16558847756845346,0.36040962195720494,0.23450314471901024,test
75,3200,False,True,f,0.001312993392036505,0.058525181887074666,0.0010699269762951946,0.05852572257431311,0.9179492972182731,0.054437788701581155,0.015379928618125571,0.06064939187318487,0.014955324900004358,0.06063402672997235,0.9772605381847922,0.07224289240462572,test
76,3200,False,True,g,0.12836009403913473,0.12807001573296364,0.2774127079455778,0.1282469323633247,5.3430779185249095,0.2881262541704657,0.14679288008692165,0.14658453298751986,0.2888789986132421,0.1470229722004499,5.409754895875626,0.29243089198931815,test
77,3200,False,True,i,2.024141854583904,1.9465172847820926,1.7036284935890296,1.9463592559512342,48.03833073563641,1.8910131441440672,2.0479051945431332,1.8801165601626735,1.6612196652628743,1.8807871771211957,48.15108465263397,1.859260054363697,test
78,6400,False,True,c,0.001335411955809334,0.054232758139452955,0.0004491107028091336,,,0.0546470818422771,0.001965087828441423,0.05266400277656729,0.001243210225591661,,,0.052322915080395604,test
79,6400,False,True,d,0.0006870464754723877,0.004978540439948175,0.0002269866820526378,,,0.00496694543382906,0.002342782562097435,0.007496520854298812,0.0015519755158221154,,,0.007431922160562585,test
80,6400,False,True,e,0.15021512756359034,0.17031242105956396,0.15493473282193318,0.17145457665660094,0.4123125744511298,0.22814247854272884,0.1505671009574987,0.17321582691328652,0.14934840468658828,0.17431966710294652,0.4141433201591463,0.23371554346520979,test
81,6400,False,True,f,0.0004836078000296992,0.05880104881211194,0.0014315163488260489,0.05879218431112141,0.948089148600598,0.0547043932297283,-0.0019488611904109076,0.04632489505514812,-0.00040545356988218816,0.04631900675544884,0.952181848923229,0.05644828145870573,test
82,6400,False,True,g,0.0029351607245004592,0.14249906409761878,0.2972858090488725,0.1425837925981174,3.190426752573137,0.29711289854036316,0.010549440091312607,0.14489448511251368,0.29083231176497676,0.14514808913688035,3.2327853555931774,0.29333655496350125,test
83,6400,False,True,i,1.7158587595852237,1.8530223616647095,1.7255028319998928,1.8529844926957058,40.11381444212139,1.8482332552087177,1.7488710078331826,1.8735581018397003,1.6577318487853967,1.8738801115712633,40.12393906772669,1.8670473349525178,test
0,100,False,True,c,0.003465770233360635,0.052497904375732284,0.008031442933563565,0.05250440179684556,0.062114336348028105,0.05313904108832776,-0.009138373300209097,0.048300532948510624,-0.011869216243974856,0.048280137663168146,0.9857097978797787,0.06737042342185606,train
1,100,False,True,d,0.016056278368927354,0.005758299572550576,0.009054412963831688,0.005758189108673146,0.005342221735434144,0.00575824595495118,-0.016874017070548152,-0.010086108624825698,-0.010511304393602398,-0.010086437403768862,-0.006569555588692992,-0.0075749277697844675,train
2,100,False,True,e,0.24767549710290876,0.24657005523489983,0.13027637648908083,0.2254883137493557,0.27330869544920033,0.2038492921374046,0.11311473803760098,0.1427854620666357,0.16544434866205546,0.14291620568598545,0.5559304594844133,0.2372311764224641,train
3,100,False,True,f,0.16468527720859644,0.12235075846525126,0.017660191865244847,0.12232960678391766,0.07417054917102185,0.06818659827136207,0.003377356461523382,0.08423307761739103,0.07348943582729835,0.08423573707548648,0.7943664438744372,0.12185659654447129,train
4,100,False,True,g,0.027699852530488546,0.09612300047884695,0.21235848748982722,0.09600857730250115,0.10800348261224402,0.21846629903362902,-0.06227333241878659,0.08301852645829307,0.28971033354614123,0.08303952443571085,4.609709712236421,0.2934703295463383,train
5,100,False,True,i,2.311023561746674,2.2909199370542552,1.7673224604228168,2.2916230946942973,2.170258616608974,2.0094415357123987,-0.5503628422516478,1.1176948896580756,1.6036801857180598,1.1175470736442288,45.42800057912736,1.8915689303546293,train
6,200,False,True,c,0.03592237893294732,0.05698782072192435,0.012360878260846508,0.05699502052767791,0.06551207975347124,0.05048422778371463,-0.08937276313807367,0.03301092523784163,-0.06611322210227812,0.03297540369031197,0.612648712042304,0.044216894767941606,train
7,200,False,True,d,0.007726743982353561,0.007790769573543001,0.0029462686237955744,0.007794136759905944,0.008789410504293587,0.0068293140222848644,0.010355366663679621,0.010325535817163197,0.0022381789347800307,0.010322661023396407,0.050557631229797194,0.011912393596968066,train
8,200,False,True,e,0.15879978902108133,0.1885982829216697,0.12254096760452297,0.1885900188753693,0.2381360344737998,0.22313114047309013,0.10336464706476832,0.11814378130929341,0.13832249932166593,0.1181359004553881,0.371900935111633,0.22641709368622442,train
9,200,False,True,f,0.07460137738715444,0.08523500629500975,0.010955412944972195,0.08525085385103846,0.0780795234408842,0.059697284436986076,-0.02097007295020704,0.09141016425899501,0.027887472586682668,0.09140394803744385,0.9719173297613396,0.11681785191648864,train
10,200,False,True,g,0.1708905685508241,0.19767304857355616,0.2904165448326868,0.19817852333831734,0.17109019379716975,0.29257081159668585,0.0444158331785543,0.05768061260329418,0.28354345864124075,0.05766315957170853,3.033383497319217,0.2877534808095506,train
11,200,False,True,i,2.6920774531874736,2.3316815587636386,1.796586514500101,2.3314177023773492,2.2915245624738017,2.123385114848534,0.19607099226497834,1.636512026387636,1.675783462946777,1.6365231642729423,66.60933175307304,1.8502791749566887,train
12,400,False,True,c,0.03305600015773566,0.062080256856685556,0.00658392929741932,0.06194692014736443,0.08540702469122916,0.06020537560710565,-0.017914789735226786,0.04251837726832193,0.0034016360931425284,0.042504520630269486,0.355081783322661,0.05005702720709676,train
13,400,False,True,d,0.008445439035365307,0.0059266336069885885,0.001201970273062228,0.005926352852189068,0.0062169563780335516,0.0054726178759053525,-0.00966228092052733,0.008827721196794886,-0.0008685345580769999,0.008828053030247833,0.10686780729701498,0.009881845094702052,train
14,400,False,True,e,0.14168254376912537,0.16263577059404738,0.1416103895358157,0.1658884175553943,0.2380934755710068,0.20187979689967692,0.12598545007920053,0.1513673884892629,0.12928826919528802,0.1516469482411129,0.36324970042159777,0.22816218080270145,train
15,400,False,True,f,0.05065913035413493,0.06530008957463812,0.007481274948410769,0.06528933204612342,0.068315893152263,0.05686014352256624,-0.004278584726136936,0.03811449861590184,0.020738987222384538,0.038109609212115314,0.8619217964093326,0.048256518701744244,train
16,400,False,True,g,0.023086546717863428,0.15456917543049117,0.30211006271043794,0.15457329077064447,0.17012880212684758,0.3068331959896522,0.006385369484235624,0.1335062239945469,0.30027144437915687,0.1334985215899434,4.5762210601034425,0.30345768326941264,train
17,400,False,True,i,2.5513638242335097,2.1474810998384593,1.7175075922769016,2.153745538862741,2.1670578139302807,2.0901236587841563,0.6317719142552543,1.5497489202541033,1.5174758438640374,1.5501220401681126,58.63339874155275,1.8480067089271743,train
18,800,False,True,c,0.0017442706750362294,0.07406839374543107,0.0018506837309181644,0.07370018985144734,0.08954145075174236,0.05710886856386834,-0.01195668709901498,0.03274089558920892,-0.011430918878418475,0.03273312411746815,0.5006538633553351,0.045851923225119384,train
19,800,False,True,d,0.002870421724095653,0.0039018113820242957,0.0002036059314314386,0.003901911958233018,0.004045858821940482,0.0039019121514681384,-0.00856164835817568,-0.002934076671814072,-0.0060628598548899595,-0.0029342605817802613,0.08599710311138896,-0.0026357770695857874,train
20,800,False,True,e,0.14766226536744356,0.16562602988867173,0.21404550664555835,0.16562829765249154,0.25498016154415687,0.20738744018732816,0.13257883055067454,0.15990298668367087,0.23553921019237856,0.15990159799159112,0.3098069600486549,0.22740403504677892,train
21,800,False,True,f,0.001411343844939489,0.05814683849907152,0.0008990832947042191,0.05813106624051576,0.077842006542302,0.056493940127004975,-0.007192648729783982,0.04094177527838333,-0.004021707074594132,0.04093378549211266,0.8954306472764587,0.04927572348335485,train
22,800,False,True,g,0.026577121891876568,0.16167163026049158,0.3067645629696692,0.1640381436647635,0.17801045887873435,0.3081815740641531,0.029535235734401005,0.13712695830214658,0.285048784934217,0.14369574475046357,3.2824876992775045,0.28669581091565566,train
23,800,False,True,i,2.227958452832253,1.7714675279643937,1.6422345147066633,1.773095904277721,1.782193149121803,1.7478126517947288,0.9560483054518515,1.7636848834722079,1.630467339061818,1.7636576505879245,42.09541151253751,1.8533511607359234,train
24,1600,False,True,c,0.007476947984141725,0.05136634740341735,0.00425996867483947,0.05141284588638442,0.06790886600074775,0.05033329895342014,0.007470803369405254,0.07825672411560511,0.009486494508432178,0.07821882109260699,0.697478192967884,0.08377571787745336,train
25,1600,False,True,d,0.000979590590278135,0.005121805238160912,0.0003101341330726227,0.005120864175378176,0.005507904349770336,0.005128209108228257,-0.009629204041226545,-0.0018399316230608776,-0.008023271241792298,-0.0018404316642128648,0.05927692885775361,-0.001674132634129244,train
26,1600,False,True,e,0.16066420986951413,0.17261013927223412,0.15545838613764468,0.17262529766409856,0.268825994044624,0.2379303446515614,0.14353693248067584,0.16004702045030314,0.14959775192060398,0.1600387764569529,0.3509441482392292,0.23520167068387962,train
27,1600,False,True,f,0.01973689797922538,0.06188319528545781,0.000730068864502516,0.0618721007452526,0.080226555486334,0.0560912675599177,-0.012213294791206943,0.04064738713583374,-0.0026151394859999476,0.04064079236361522,0.8499705569177034,0.05177668955079823,train
28,1600,False,True,g,0.016801137727683595,0.15895668021034584,0.3109873096738911,0.1591853939209837,0.17520436309455925,0.3171045604252824,0.030044723113744034,0.14199537557078165,0.2909966584323949,0.1420449833690902,4.1634718167275295,0.2946759794320949,train
29,1600,False,True,i,2.06591278219657,1.8713134478806388,1.660270409612092,1.8712718380950861,1.8616664615857688,1.8380526757571025,1.2855350306002786,1.8000920090948176,1.671479788463097,1.800028993726189,45.88759040862789,1.8674963064080354,train
30,3200,False,True,c,0.0007840048784306787,0.05462236689742341,0.0016613063644903697,0.054622910241310094,0.07186705479924071,0.05469425095332258,7.153950958563693e-05,0.05496565188080396,0.0019209786820208797,0.05496375967031469,0.7577530203062942,0.059592395303325274,train
31,3200,False,True,d,0.001235357946210615,0.005632683198826095,0.0010896286568912897,0.0056335366793659435,0.006023607261612031,0.005613517785403631,-0.0035193608060958715,0.002147148126329519,-0.0029558690361007668,0.0021461487460380014,0.01853790658520868,0.002232405134259305,train
32,3200,False,True,e,0.1491877536152026,0.16737266266789097,0.1484460599720903,0.16724122038864103,0.26634363745271095,0.23238305518821598,0.1399588217226161,0.1611097647347631,0.14163877026395752,0.16116744860269205,0.34703561858492193,0.229303520800176,train
33,3200,False,True,f,0.015209065709306089,0.06546977061484797,0.0011491769875113219,0.06545502820665468,0.07504531783349251,0.05626467220229927,0.012396993003825255,0.05379341255648825,0.017743514949832746,0.053786795429378316,0.8918382749283461,0.06671615750495807,train
34,3200,False,True,g,0.02133219022575689,0.14003423322966496,0.29958699085719637,0.1395615829353228,0.16049009898571812,0.30127653873076815,0.017391706116088895,0.13838557733821638,0.29467579091134416,0.1392560635573855,4.779750764366007,0.29819294470935875,train
35,3200,False,True,i,1.8974587463781127,1.8901530028342068,1.6233189587832533,1.88992666743369,1.8882908639231277,1.8584888111745617,1.4051455686444163,1.8039825609317228,1.5801750702135797,1.8039685126622158,54.509255884965924,1.858835197687389,train
36,6400,False,True,c,0.0042853828156186,0.05598767573547068,0.001757856624034369,0.056034936929805684,0.07807982351403807,0.05540680038218871,0.021660039749185626,0.07558898353437662,0.023670168567476505,0.07555540910605793,0.5959953966434399,0.0805590562784918,train
37,6400,False,True,d,0.00034771734462219617,0.005020169173699495,0.00047242690830945024,0.005019234538039899,0.005860174138987075,0.005046372505395289,-0.0013512791533526415,0.005014767848077675,-0.0013410001036356968,0.0050170355746164755,0.09665882118557839,0.0050875715326811205,train
38,6400,False,True,e,0.15848317008686977,0.1809955495090541,0.15728978419978792,0.1810888759180345,0.26234845690583375,0.24049616030775378,0.14665158818356017,0.16619306144744714,0.14774274311146332,0.1666567476310331,0.37983775785096213,0.23296855197759053,train
39,6400,False,True,f,0.002693574054925312,0.061761084011124415,0.001329021191084844,0.06171387439130985,0.07895456421916684,0.05605160988452647,0.0027989444113920713,0.047108714162641833,0.004394322728939174,0.04710357967941697,0.9036746006171903,0.05857702918256641,train
40,6400,False,True,g,0.0152238538319248,0.14403381814661814,0.2894493283731257,0.14410004145617122,0.16278232647221214,0.2935507127497443,0.016594497732158816,0.140659643101495,0.2888778600261055,0.14071249624762214,5.06022489791215,0.2927758696608889,train
41,6400,False,True,i,1.6356479473347179,1.821047570136119,1.6217823889751224,1.8321065657021347,1.822335814630014,1.820934099426035,1.5613146821170552,1.8451016404313116,1.663759607988485,1.864252898225605,55.628149512213895,1.86463912338169,train
42,100,False,True,c,0.0032496181412238327,0.05563070127268736,0.008031442933563565,0.05564660988348903,0.8595258226600744,0.051082884492123073,-0.013282649853740072,0.07626830365375419,0.014196649562987718,0.07629891838638805,0.9074548036180863,0.06432889140623249,test
43,100,False,True,d,0.016764558686242454,0.006046949125105578,0.009054412963831688,0.006047151117379614,0.013306533109285597,0.006707214581099447,0.02839028796259787,0.02119699017744969,0.02643988532526846,0.02119798068566139,0.031792756308577454,0.01720753622725492,test
44,100,False,True,e,0.2786502366556214,0.2032332929979045,0.13027637648908083,0.18182494214929906,0.5585532745565531,0.23301157306630527,0.19092679302339005,0.21937856533125533,0.15244653828381804,0.19323264105461113,0.572960547060938,0.23110568004405857,test
45,100,False,True,f,0.1492873458327709,0.09018441388740857,0.017660191865244847,0.0901680762797958,0.7059228774563084,0.04814245161816178,0.0373751333054742,0.06506800340070391,0.007237307738643554,0.06505608524794554,0.7472314613541162,0.054969505448718536,test
46,100,False,True,g,0.025943386318028994,0.11163340699935174,0.21235848748982722,0.11144012620289043,3.6669052330488423,0.314714757387182,0.033687488795634206,0.18557323202964868,0.27556164349208334,0.18576712252441227,3.346642363401516,0.27884308285570397,test
47,100,False,True,i,3.9355259599269186,2.256251065047767,1.7673224604228168,2.2555218019764918,47.99465070939604,1.8893763332645301,3.8137883280413662,2.2696141199797175,1.8034664434731305,2.2699168010217363,45.78850842548082,1.852223752895363,test
48,200,False,True,c,0.03991507564481633,0.05490558502621316,0.012360878260846508,0.054928011664956075,0.531110110681491,0.05129295203683089,0.06443930673797184,0.07148052977438794,0.04909584837114446,0.07146931722185258,0.537461894512023,0.0697479428372858,test
49,200,False,True,d,0.006461184975907285,0.006430041747678584,0.0029462686237955744,0.006430284371401932,0.04278249145965008,0.004115760629525282,0.010684569928058548,0.01072033133982572,0.005448274644998542,0.01072139924382963,0.043882290739130296,0.008752527696374496,test
50,200,False,True,e,0.173049000474415,0.2073509238125688,0.12254096760452297,0.20733274600304605,0.4239783974695293,0.24483852911568033,0.1635005347207065,0.1844204112959071,0.1385413692489826,0.1844040774086601,0.39885841341991907,0.22821537576618373,test
51,200,False,True,f,0.07316693166784001,0.07800080418638294,0.010955412944972195,0.0780135990266571,0.7899300594557791,0.04909586826576731,0.053198285337336955,0.03479843632863748,-0.03566992819445594,0.0348084803976559,0.8671210964005001,0.03491743190072111,test
52,200,False,True,g,0.18063109422353704,0.21007141049606115,0.2904165448326868,0.21059857260528975,3.698856919132476,0.2957026054483596,0.17563093525210227,0.20796761924501111,0.31221321401505675,0.20880930487252855,3.6554158089743902,0.3152973951995352,test
53,200,False,True,i,3.02121146576741,1.9257595744851752,1.796586514500101,1.9262943034711049,61.34172232940207,1.7689548742465917,2.8176120679805443,2.1038633394526527,1.6413263739898178,2.104448735631148,59.23079966372517,1.8688515234488285,test
54,400,False,True,c,0.03133244968097966,0.05650618947793406,0.00658392929741932,0.056389201684400286,0.33511704916109425,0.051717369151258054,0.00606071438172831,0.036962596915118766,-0.017379116845765874,0.03685701429801142,0.32844197292201294,0.03842204624557405,test
55,400,False,True,d,0.005696682203115409,0.004666785895341624,0.001201970273062228,0.004666528201151907,0.09150399637475985,0.004586722125897491,0.015971094381953627,0.011161884262477991,0.0011684554301721062,0.011162460890569381,0.11970014928021143,0.013094315442820387,test
56,400,False,True,e,0.1641299343801372,0.19327180511526312,0.1416103895358157,0.19347528681034093,0.36177732779288546,0.23579862029295273,0.18079840410132758,0.1925600548926512,0.17133494948615635,0.18958245058444867,0.37555038733321267,0.23647077110850812,test
57,400,False,True,f,0.04188676701729471,0.058675399178787634,0.007481274948410769,0.05866831516831161,0.8844205477345055,0.05493537039558035,0.02028283487039523,0.06289144386734236,0.012440493844514587,0.06288585010051584,0.9248651895330496,0.07539664587381928,test
58,400,False,True,g,0.018381990817007487,0.14339930302352155,0.30211006271043794,0.14342671319055827,3.8051163218450648,0.2536878072111539,-0.023905258667785426,0.11447843624654859,0.2864561615584871,0.11453009955798464,3.766998444297619,0.289752152287072,test
59,400,False,True,i,2.288031174120289,1.9816729785031109,1.7175075922769016,1.9945048021926781,51.519627621299065,1.7204274230731407,2.5070115452131785,2.008292115472593,1.7268924548260907,2.0141665594527676,51.403710580687886,1.8621372320448524,test
60,800,False,True,c,0.00177643515468359,0.06635930142059947,0.0018506837309181644,0.0660340481061699,0.5527374569662556,0.052755902297523735,0.004641438862776261,0.07912028260536921,0.0016368563407520487,0.07868380479246617,0.5338556968654593,0.05649856891948224,test
61,800,False,True,d,0.007561382185561334,0.00586052462778012,0.0002036059314314386,0.005860661172107454,0.09304791073410033,0.005853715635854573,0.007894994522819054,0.003052731856879447,-0.0034864751880833112,0.0030525791348904895,0.0976193580755854,0.0031693916465658917,test
62,800,False,True,e,0.14852330144461165,0.18131393855738545,0.21404550664555835,0.1813071262696196,0.3346332092867737,0.22604053491925302,0.16214733846695786,0.18442102310536887,0.24158745087509162,0.1844109203401595,0.3309833841113581,0.23154886763067878,test
63,800,False,True,f,0.001489559418686843,0.055775901334818904,0.0008990832947042191,0.055762896072260884,0.8843520647191366,0.05653675140801513,-0.017419499746849858,0.03337673705923621,-0.01526358426429864,0.03337870193435236,0.831120439166662,0.04189878653730411,test
64,800,False,True,g,0.026166838090949985,0.1595498853020939,0.3067645629696692,0.16220694717605666,3.6913396265890914,0.297894306303245,0.021988551998546414,0.15278594431314654,0.293899212403851,0.15598908559544636,3.6751063077233375,0.2953545108070002,test
65,800,False,True,i,2.3236406358115294,1.8649702543117035,1.6422345147066633,1.8671463937249586,43.01745536049914,1.7790243559321692,2.417460182388454,1.9352096017114293,1.6818871718879342,1.9389309082454822,43.17858133297806,1.8756611662917466,test
66,1600,False,True,c,0.007915507531662551,0.059256087414119335,0.00425996867483947,0.05931127002178438,0.6354279994200543,0.05809830624725911,0.00794632368612518,0.05321654157440804,0.010839715139807376,0.05328142049339576,0.6117384312060721,0.049215603504314365,test
67,1600,False,True,d,0.0011665394775273261,0.005173375654220261,0.0003101341330726227,0.005172958960540368,0.06230425573946622,0.005176018756383318,0.002530651085820902,0.0011941822816319992,-0.001869061934327572,0.0011967814725756477,0.05722476722328265,0.001162412662160106,test
68,1600,False,True,e,0.15179639366751002,0.1700069721701198,0.15545838613764468,0.17001167548492319,0.3392402591939279,0.22659114305371697,0.1417267089130578,0.15909015489158962,0.14006773638007666,0.15909635599396488,0.3488799449023763,0.23007462804856604,test
69,1600,False,True,f,0.016729956512048658,0.06157092763573054,0.000730068864502516,0.061559087189531486,0.8803840639269858,0.056193737805418593,0.016244414828756455,0.045287301952343456,0.004410557049702982,0.04528142155516363,0.8584098899184318,0.05565253857452107,test
70,1600,False,True,g,0.01555520825799458,0.15623386709577092,0.3109873096738911,0.15656148837228634,3.847449476013299,0.3108006769505851,0.025629340139374165,0.1462023916296535,0.29094309608365565,0.14669698303664075,3.779247200693932,0.2944555133130726,test
71,1600,False,True,i,2.175368848754538,1.8738015394854484,1.660270409612092,1.8738410585508374,47.5199712736937,1.8233091230006782,2.1003529663784057,1.8989635198171326,1.691881328819144,1.8986685694709482,48.42472281328171,1.8714654601781828,test
72,3200,False,True,c,0.0008063928586804878,0.055391683426887946,0.0016613063644903697,0.055392737117752236,0.7287571984369017,0.05540808375280611,-0.00553313346389418,0.04739079661348548,-0.004179768616499205,0.04739071468436634,0.7279375572108538,0.04585699979531377,test
73,3200,False,True,d,0.0009399162181011645,0.004948835682987591,0.0010896286568912897,0.004949988082572284,0.02001237400114659,0.005029426914809612,-0.002279106295071595,0.0021292175203497976,-0.0026053896722936115,0.0021374946087200186,0.017542084397247883,0.0020813554514543253,test
74,3200,False,True,e,0.16050172516711797,0.18222834370380306,0.1484460599720903,0.18209877328309138,0.38319948498372614,0.23981925093543238,0.14975339916049352,0.1689098808865292,0.15005736848631393,0.1689897551613359,0.3842473933722863,0.23447920108096237,test
75,3200,False,True,f,0.014651157552849353,0.06095744001867058,0.0011491769875113219,0.06094386538998714,0.8652211489380073,0.05611548101417994,0.004286417635754936,0.049316639661076495,0.0005367497249252712,0.049312207334408525,0.8288785761024559,0.059268836827843396,test
76,3200,False,True,g,0.02124394470220893,0.14889427496296462,0.29958699085719637,0.14884510600901377,4.500758684825996,0.30333551924472574,0.024275068187936438,0.1458866876816065,0.2903591052389155,0.14597579603980193,4.397914433061335,0.2938055024189901,test
77,3200,False,True,i,1.8895153726024545,1.9533842993320432,1.6233189587832533,1.9532736911919246,55.214139558197715,1.9108695987426696,1.8180418328176864,1.9178716197909131,1.6017927049146103,1.9177297253683452,55.118731112857944,1.8622005354887274,test
78,6400,False,True,c,0.0029218189903650084,0.05308500269786656,0.001757856624034369,0.05312738077531266,0.5623249593978952,0.05329918881145738,-0.015765538982448687,0.04378906592554344,-0.017966730804202514,0.04377871454924858,0.5598324501807721,0.04210830885419625,test
79,6400,False,True,d,0.0003375471720928682,0.005538037536603622,0.00047242690830945024,0.00553323173943705,0.10060900063811468,0.005581803167758918,0.0005882542888861712,0.00756904465318204,0.0006626636654858462,0.0075767976690841185,0.10637234822091607,0.007411788334951902,test
80,6400,False,True,e,0.14763851211142315,0.17150502208608487,0.15728978419978792,0.17193835078299646,0.3885781714477126,0.2299932998200108,0.1555056962849449,0.1744636854428498,0.1536024321342652,0.17464470615639677,0.39872912295427165,0.23483165028125336,test
81,6400,False,True,f,0.0026204913597903355,0.06251014970004665,0.001329021191084844,0.062460932621732204,0.9303935236851458,0.055198763063554396,0.013890585578560502,0.053584268557201255,0.012760366738671909,0.05357045372128361,0.9467462912353243,0.06383732547434118,test
82,6400,False,True,g,0.01515077405063998,0.1332121562317637,0.2894493283731257,0.1333063568844594,4.99347079546791,0.2831210491321707,0.004855185156005759,0.13184443401078672,0.2911033448901007,0.13185652614837157,4.991717468961815,0.2948857007977873,test
83,6400,False,True,i,1.6886322717608309,1.87918707899461,1.6217823889751224,1.8940588843295787,56.36127230048907,1.8741477431925946,1.6606194695837295,1.8686070158823065,1.6661204278771573,1.8828086882165918,56.620157755420635,1.8663372335524113,test
0,100,False,True,c,0.19772606452512836,0.06882180698199059,0.005177006813604347,0.06881538045891963,0.12293847281533565,0.07264958668762561,-0.20797190954509592,0.0031465356243194267,-0.05538541133909489,0.003146040122045406,0.31993732385705653,0.014763838738236945,train
1,100,False,True,d,0.03612427723481587,0.007066729260132367,0.023514685477573752,0.007066915131926033,0.008130375676965068,0.006846027756476544,-0.004288736937814278,0.013674443376249049,-0.005311852376323078,0.013674120751410168,0.014679864151451553,0.016441540238691446,train
2,100,False,True,e,0.2335157407855134,0.24937396522742827,0.16854118078258917,0.254831766339623,0.34190753757936876,0.2924194317452768,0.07493269648457428,0.1093142248190891,0.1259812732125012,0.10939516267426826,0.31913653333341435,0.2344642522582684,train
3,100,False,True,f,0.06630831224962346,0.06446324528806169,0.04478277262264552,0.06447573798441429,0.10653025586227857,0.06411448990197666,-0.07387706451931403,0.04766452882095209,-0.06241538274258396,0.04765241930267052,1.0025813002430484,0.07638644458928001,train
4,100,False,True,g,0.16041190559519325,0.20693807377492612,0.401853651300692,0.21257226568508064,0.22702498648522565,0.39383987451207986,0.08638776098076105,0.11494992574690521,0.29737901207022555,0.11520617835976779,3.6705056979107797,0.30173068981558454,train
5,100,False,True,i,2.851322697087914,2.295240565433371,1.694282590810351,2.2954905353950417,2.209524008449155,2.0358475174900783,-0.8518828625388674,1.2562348929402498,1.5771037482343462,1.2560976466444629,62.158212998942915,1.9176232988546793,train
6,200,False,True,c,0.05212096951015511,0.06791471594624339,0.03259626523015284,0.06791644305108195,0.07448589028913516,0.059760512136024284,0.009146101557498279,0.08729473183316529,0.03611192380768277,0.0872901763480298,0.5170596911612015,0.10393751188042755,train
7,200,False,True,d,0.04734285466619948,0.025459816695575746,0.008386839236422807,0.025459838946256995,0.02435481998865325,0.02465249496905952,-0.02847503788597689,0.020540000044278202,0.0013779093399956172,0.02054006237302403,0.0938074716705483,0.022269906545737933,train
8,200,False,True,e,0.16742292484939564,0.1863081095624699,0.16077533653160495,0.1863053199374154,0.268430786068743,0.2554568982361987,0.1180667436000465,0.13591559668864725,0.14988330667878286,0.13590496374345917,0.33289874431414374,0.2369215383958489,train
9,200,False,True,f,0.015582661012223893,0.05108917323639634,0.009548863999868863,0.0510915246980342,0.08782059838431878,0.0553644627086873,-0.03812685250122239,0.055052848780921836,-0.031286702358066416,0.055047323531346,1.0515233154581467,0.0660912493451582,train
10,200,False,True,g,0.07866939189594992,0.2205207810412351,0.3556167175439318,0.2172062889499379,0.20807138410748918,0.3635073243165342,0.02441281810652163,0.12443041283199911,0.2933666480456599,0.12439204298157591,2.9635506779361607,0.295960508363297,train
11,200,False,True,i,2.7886694755920565,2.2669531841583144,1.9146499807639557,2.341901279754455,2.218889499029619,2.0215844034347996,0.15502586411181515,1.6419387942389552,1.546066049804427,1.7021677397766184,46.767638632738226,1.8828718124946333,train
12,400,False,True,c,0.01430251661583964,0.05825480017853225,0.013024867214711529,0.07956472798426219,0.0988860810106292,0.06037217261635548,-0.009425910428316956,0.06207836491736117,-0.008975938642399227,0.04801688726619574,0.6609503915204985,0.06679214549870277,train
13,400,False,True,d,0.004132329857559606,0.005511669325665286,0.0007693804193104814,0.006081481022889013,0.005526940925859719,0.00551175596418311,-0.011546831809975195,-0.00047372675001430055,-0.008631715004596746,-0.0010209674422321413,0.049863418132742,0.0001499327541597817,train
14,400,False,True,e,0.17240588401353205,0.19533645928077029,0.1578439602535688,0.1970351642501999,0.24717727996447883,0.23009566269762843,0.13037894766216732,0.1570537792615842,0.15137770846791132,0.15709715988857503,0.41398088894253127,0.23345586590787545,train
15,400,False,True,f,0.03042075739108904,0.07184943506002177,0.0030417557775565675,0.07185435806041318,0.09096589967670564,0.06241264968908957,0.0002613388338652589,0.0596875325842796,0.018280513539962382,0.05968094558556253,0.9225412941293315,0.07689262001951991,train
16,400,False,True,g,0.018438685231951933,0.17932107266689715,0.3237449621902823,0.20939283372403922,0.2011716883810722,0.33246563118771755,0.024604858441890635,0.1350670496283069,0.28763483109599586,0.15074861773569026,3.8445127387422473,0.29122504336904637,train
17,400,False,True,i,2.5003530691283995,2.0695369894431326,1.778663115498147,2.1480094569222876,2.094554077114887,1.9394847663242318,0.7807256533680055,1.6615384816051426,1.69439300242291,1.7168998152094996,41.30371145474231,1.8538805848442452,train
18,800,False,True,c,0.004231364615385256,0.05604862372275827,0.0016651369684131502,0.05622390540663386,0.08323325360125094,0.0533584489769856,-0.03683775059900284,0.028802722835133708,-0.03243285777626039,0.028727265577178474,0.7661296936877655,0.0373600204077435,train
19,800,False,True,d,0.0008827619077249085,0.004541947690070953,0.0005488841049835832,0.004542124202085075,0.005423028494966715,0.004541998557369242,-0.01046582937229001,-0.007336931023796503,-0.01002776493801179,-0.007337247942276921,0.0070561307874578635,-0.007035315487742555,train
20,800,False,True,e,0.15693483543423237,0.1564823636743872,0.13367765579916133,0.15647288747582075,0.2579909148179766,0.20595019041837062,0.12458331394164984,0.14863405191073617,0.13967930327676562,0.14862615473541632,0.4435791188749764,0.23144864436117843,train
21,800,False,True,f,0.025407889078116135,0.05712645731811099,0.001690740770859042,0.057125515680736816,0.07818515017887132,0.05621744924331233,-0.02205665712237269,0.035457075575026455,-0.0053504707461506104,0.03545145274377212,0.8581434936559569,0.043946497172522636,train
22,800,False,True,g,0.01853689209646122,0.16414823242893342,0.30557384807609617,0.16421865435786154,0.17279048289542875,0.29885219624837767,0.0037477189412086277,0.1155212279052119,0.3028780045169527,0.11550924550941809,5.1213313859255605,0.29842811928236723,train
23,800,False,True,i,2.6844938364155113,2.021499023613667,1.70058535471863,2.0220450265269343,1.9987903432423229,1.8582346091939055,0.7667068239281508,1.707882133761184,1.673976647348078,1.7079229958278779,59.48431236450805,1.8511575821447182,train
24,1600,False,True,c,0.01913500170636274,0.056871726686451414,0.0027684107619753724,0.0568516325174326,0.07894044801606127,0.05750853033069478,0.010869248847817217,0.08090609022317352,0.026522296738520582,0.08090700119304885,1.0739197834047716,0.08704647200452398,train
25,1600,False,True,d,0.0009062436307041254,0.005876690110771375,0.0003236712539825167,0.005879432646851219,0.006626070471327173,0.005552921608060825,-0.0009406847466527985,0.0039657395150825185,-1.2553256333762142e-05,0.003963677031049002,0.07488516525875612,0.004456660495575845,train
26,1600,False,True,e,0.1626132038535515,0.16235486306974964,0.13651722002038197,0.16235261060342668,0.25876625283318855,0.22527674258169547,0.1614968771265115,0.1613016777946479,0.1458309935608498,0.16129217171247234,0.3503345132936374,0.23068492831390638,train
27,1600,False,True,f,0.005383357196616003,0.05692971103340355,0.06166370063465918,0.05692866606820947,0.0811362100232527,0.057104545070161314,-0.014648740051220749,0.037312151178366906,0.04788584491747445,0.037304950361860205,0.9185578650473137,0.04376436782401827,train
28,1600,False,True,g,0.016858191899892263,0.15707981751782368,0.29087996184774034,0.15716643864980057,0.15978957656124881,0.2939515627887718,0.013047006678952288,0.13134318401152842,0.2869452031501338,0.13131054435516315,4.713616739841739,0.2906064227197488,train
29,1600,False,True,i,2.195192252484515,1.922519943471932,1.7513585412943946,1.9224264376866471,1.9273225271196381,1.9141245558962132,1.4421591500026898,1.791906696193222,1.6903106821775802,1.7920385780769845,54.32600476808275,1.8653128793150935,train
30,3200,False,True,c,0.00893598248971305,0.05601870417170384,0.002164230856101132,0.056039465994379645,0.07146807521609587,0.0563187979022958,0.021819836248906203,0.07831102991525526,0.02638202099415258,0.07827362201656428,0.4632018075263653,0.08109384423108212,train
31,3200,False,True,d,0.0043751705898363805,0.004992952630713808,0.0005762836340058315,0.004992928816564654,0.005118205756820683,0.004892944282538754,-0.0002262464454427887,0.009587971873421123,0.0032213034865793667,0.009587932961499242,0.07641707016338009,0.009719162348530166,train
32,3200,False,True,e,0.15278512418671125,0.17181182952498503,0.14879740352524748,0.17180112880903603,0.25530609773751345,0.23023192936591844,0.1465928622485377,0.16369539731190597,0.1507451509484576,0.16369299053761108,0.35826179892267956,0.23159982153326594,train
33,3200,False,True,f,0.0015119227729040773,0.055680643864244546,0.0009079054371351267,0.05568289095831493,0.07564805627215378,0.052206094917074494,-0.0167361696383167,0.040376089442362116,-0.015837651575825683,0.040362506966448,0.8715716721539074,0.0505894361764333,train
34,3200,False,True,g,0.009435288238760612,0.14850161037928594,0.3033114015216516,0.14851378932654294,0.16826298668276826,0.3028430393592217,0.018655819448717206,0.1368700716400401,0.29359132901818,0.1368345411308957,2.9370284491758833,0.29150739227443473,train
35,3200,False,True,i,1.9987028353398997,1.945498130249485,1.6686991401302493,1.9453013924418554,1.9408119523426448,1.9241702622786678,1.6120597938752996,1.832128745302161,1.6282936768839864,1.832110979567253,54.58518928265585,1.8703321138752544,train
36,6400,False,True,c,0.0015702120343711117,0.05273827304791023,0.0002194692141592443,0.0527581357107169,0.07613712414964198,0.05453099608650711,0.0020115764025492467,0.05751793942052522,0.003211277139042451,0.057472601077121724,0.43834501087455024,0.060444990358114126,train
37,6400,False,True,d,0.000703888420059023,0.005356257647073714,0.0005256848349110712,,,0.005414476845893037,-0.0027662515349781763,0.004561152830021396,-0.0022766015911860784,,,0.004635175045485718,train
38,6400,False,True,e,0.17271796804418504,0.1723645034328891,0.14899388483307383,0.17228489167235658,0.2491884642793548,0.23076384621624788,0.16938724373796077,0.16915431159140312,0.1503627665891178,0.16919859628825315,0.3680206063482735,0.2335564113896727,train
39,6400,False,True,f,0.00037120805023843406,0.06005543894708503,0.0002938910070448452,0.06005513282564521,0.07735536345786148,0.054823915688570674,0.004539328698892718,0.049051037236483526,0.004662419297646828,0.049039151179563374,0.9027566012536019,0.06021650050928823,train
40,6400,False,True,g,0.014296231718401449,0.1387419532899119,0.2897530359985324,0.13888129397818846,0.15527718418013348,0.2937225355505951,0.00910948786490638,0.13735714002581817,0.2903707723852815,0.13742260376138732,3.683094794993065,0.2937973958204076,train
41,6400,False,True,i,,1.8685478445093535,1.6621042846574392,1.8669554475429917,1.8682403130810692,1.8512567104627649,,1.8290085349546314,1.6748039991023127,1.8293133903529537,63.77415005314807,1.8590906903412068,train
42,100,False,True,c,0.1046881815834941,0.05704039558877756,0.005177006813604347,0.05703746344838337,0.4147801006177756,0.0568432288439479,0.010087762847100966,-0.026800626256335038,-0.0735786180670309,-0.026809691580678887,0.3792053148597808,-0.022372661970248564,test
43,100,False,True,d,0.0076221551811311615,0.00832354810918619,0.023514685477573752,0.008323764369556053,0.008023468915727014,0.00946209090230865,0.04321266544217473,0.018647612856141898,0.058557833876928075,0.01864741848465382,0.020171011042411688,0.019272414892004902,test
44,100,False,True,e,0.1900237988751713,0.23567033243727079,0.16854118078258917,0.24258195962160228,0.2623546713518155,0.21319441724285756,0.2988898451919049,0.3331518231159288,0.1759171135905726,0.33922360996163614,0.2787023049267443,0.23538539309817216,test
45,100,False,True,f,0.07396258437323885,0.0689408568652306,0.04478277262264552,0.0689607210918094,1.1086519067915248,0.05086845520649602,0.02761624161132468,0.09840065394540737,0.009363628888775595,0.09839991649498195,1.2741457288300573,0.09789095855986396,test
46,100,False,True,g,0.16251535474423687,0.20578812032563565,0.401853651300692,0.21407016268094256,3.516593352740706,0.2381549536266065,0.16221279432983704,0.2127007286296723,0.27056356664747677,0.2206241745049029,3.6586021674152387,0.27434114973445356,test
47,100,False,True,i,4.007381609405027,1.8977301649136775,1.694282590810351,1.6762572648113574,64.45459035986121,1.6186485002983542,4.43832444704595,1.994537042139431,1.7449416679156036,2.196195878294942,63.24306057361492,1.8667862307808796,test
48,200,False,True,c,0.04894190113895498,0.05699418628280114,0.03259626523015284,0.05699904204928956,0.42028031212095746,0.04627917407890875,0.03895706631017359,0.0662839633789389,0.02484675665287388,0.06631706326651518,0.44526550414531857,0.0767181204382576,test
49,200,False,True,d,0.021486038360257153,0.006818556200341346,0.008386839236422807,0.006818630215909525,0.061339582025156485,0.004676779352429777,0.009657825350565424,-0.0163624148629742,-0.021633016720505573,-0.016362046093300327,0.03272134957407182,-0.024312878886408873,test
50,200,False,True,e,0.20798202115046685,0.23280651133757857,0.16077533653160495,0.23281771883957572,0.3531827907620248,0.2952613577274495,0.2247559712835372,0.24603334222576095,0.18195562936848653,0.2460440656135556,0.28905659538259565,0.24476635779421868,test
51,200,False,True,f,0.015111084064276623,0.050608872832259746,0.009548863999868863,0.050613779122725085,1.0920029396165856,0.05383924958246382,0.007268082357716128,0.03390304679872983,0.00047244479647964746,0.03389191127471357,0.9942181375035635,0.04409092044589785,test
52,200,False,True,g,0.046388702064092575,0.2137074725635358,0.3556167175439318,0.21556172978971314,3.723662019642488,0.31138773659717844,0.04202565161572411,0.2388494806203807,0.28878115517116354,0.2358688829667721,3.7445946289220275,0.2922503381384482,test
53,200,False,True,i,4.246686434129511,2.7043125991768218,1.9146499807639557,2.670011292325393,39.67254688389904,2.360810723198249,3.891694191924836,2.044477486471349,1.8949105882814474,2.002791556345874,36.28797389976917,1.864390827478225,test
54,400,False,True,c,0.012858815332728707,0.056207047759432784,0.013024867214711529,0.058913448226228265,0.6736165988509073,0.06248769149490434,0.03939033651939119,0.08697007703891835,0.03717384282554542,0.10465487400124936,0.6710348403110761,0.09124339420582783,test
55,400,False,True,d,0.004091004336350095,0.005533439451466274,0.0007693804193104814,0.005987388394791621,0.048791877228940565,0.005475434155487561,-0.01710518008448993,-0.01887890364615558,-0.021163436590456983,-0.015493475138282609,0.03064482002753122,-0.01826251783241155,test
56,400,False,True,e,0.15570950233240105,0.17438793376420098,0.1578439602535688,0.17566775868520956,0.4179450615810197,0.2171743588230196,0.14813066283032067,0.16435642355488525,0.12870151873188349,0.16713998123157112,0.38476384055760904,0.22135097810995313,test
57,400,False,True,f,0.022282592807648594,0.06199555852220236,0.0030417557775565675,0.06199904678638897,0.8981546905330289,0.05297531668797981,0.010081656901696788,0.05616616562186977,-0.0023034574870374057,0.056162002167069146,0.9952278145666996,0.0726118924608144,test
58,400,False,True,g,0.01407234226337214,0.16408638843502227,0.3237449621902823,0.20355703502673894,4.196159182739042,0.2813219093409333,0.005253619870507737,0.14890328120552154,0.28104370320525285,0.17771407708363754,4.244395996049648,0.2852293531082477,test
59,400,False,True,i,2.3146787187005646,2.0267200472618945,1.778663115498147,2.022902610153704,38.070587344025576,1.8680598499297643,2.3782313306756238,1.8901788831113553,1.6825954602332496,1.8941463787815191,37.037176478171524,1.8731554567085387,test
60,800,False,True,c,0.0015297476968874982,0.05934352683138206,0.0016651369684131502,0.05945198915957538,0.8044568364004596,0.0686252398403462,-0.03260617350149433,0.007621460571045944,-0.03731557672080014,0.00782800249267865,0.6493537505784905,0.0038318167790509783,test
61,800,False,True,d,0.002843669495912344,0.00513589360598185,0.0005488841049835832,0.005136080412033336,0.02350743729519507,0.005196924337886344,0.010161503330833075,0.012789563111315232,0.008725518321902244,0.012790285486719614,0.03175093689123093,0.012024487140297108,test
62,800,False,True,e,0.15884471336759604,0.16840879609554427,0.13367765579916133,0.16840342728194316,0.4269914839595446,0.23580519397001634,0.1630463867414081,0.1797707681186166,0.15439080405342284,0.17976281362701066,0.42818233509976644,0.23514846156591346,test
63,800,False,True,f,0.022848886046572234,0.05469395201049705,0.001690740770859042,0.054693026128400934,0.9223317859634803,0.0524248080357266,0.007075497708889116,0.03997464563976486,-0.013605061139696817,0.03996707401931715,0.9290863566234587,0.049074893215815985,test
64,800,False,True,g,0.01429839227089709,0.1475802024120231,0.30557384807609617,0.14765672388170564,5.137515170413219,0.27771536405046293,0.013389884525352155,0.1527296106837275,0.29279916512270987,0.15268315284768122,5.210022836324154,0.2880320224827127,test
65,800,False,True,i,2.7683217022113267,1.9212827071268308,1.70058535471863,1.9216837237542523,59.67894889889506,1.824659354473323,2.617759742644829,1.843086354675715,1.6940877695893184,1.8432794016374425,59.99678565360616,1.863193633769073,test
66,1600,False,True,c,0.008354335218682616,0.05479820557772899,0.0027684107619753724,0.05482128405019711,1.028034085412667,0.053732727263206416,0.02322464190054249,0.0743418846866323,0.020963168937370602,0.07432640261427181,1.0933195857939555,0.0784438234865773,test
67,1600,False,True,d,0.0003528970001678918,0.004591790940749139,0.0003236712539825167,0.0045968586799791,0.07449872688259168,0.004486306416142819,0.004064124734052173,0.008010865750198182,0.004014050698863996,0.008003651047304033,0.08231411366932388,0.008129987593452195,test
68,1600,False,True,e,0.1866817942564693,0.18651868333507707,0.13651722002038197,0.18653075487953907,0.35413702215978354,0.2462218661865555,0.17255340378801315,0.17236621787997272,0.14689966878177185,0.17236572776493744,0.33794146690173144,0.23197382552186058,test
69,1600,False,True,f,0.005286684968841444,0.056947212081826376,0.06166370063465918,0.05694620373485668,0.9422827933861565,0.05504153497252133,0.01951174996263637,0.05428854105469497,0.0674287035344411,0.05428138692267687,1.0028268246844274,0.06253019441052454,test
70,1600,False,True,g,0.017229453258743307,0.1437198556228776,0.29087996184774034,0.14377198731191862,4.532489957140443,0.28796201919233616,0.023009716757414853,0.1511580621213571,0.2890284214792726,0.15119073171235323,4.6902199162634926,0.2924653467913014,test
71,1600,False,True,i,2.066781587670668,1.7887081531055313,1.7513585412943946,1.7885205865385074,51.54574655830939,1.760177769476272,2.0766564473327627,1.844732531984131,1.6469182486782437,1.844782541964367,51.37093413885695,1.8438770158855329,test
72,3200,False,True,c,0.0035466214906019543,0.056371409895604734,0.002164230856101132,0.056383421475778954,0.41807793553694417,0.057862936892648265,0.01118572686416436,0.053875882804027456,0.008874153983369043,0.0538862479532812,0.40456814825889054,0.054168299567351585,test
73,3200,False,True,d,0.0037363497222647852,0.004759610387175483,0.0005762836340058315,0.004759604173830607,0.06604359107189549,0.004560408391552088,-0.007657684543462216,-0.003137624646379447,-0.008596716822084472,-0.0031376746852224534,0.05669530784232116,-0.004387038285644351,test
74,3200,False,True,e,0.1570693007041088,0.17293463430796358,0.14879740352524748,0.17292974553079735,0.3522635587531382,0.23813450662332603,0.1530004810975237,0.1704197539639945,0.1511064971527191,0.1703937679388993,0.361367331069454,0.2325820280272562,test
75,3200,False,True,f,0.0014934275446760808,0.05822356473547903,0.0009079054371351267,0.05822594232778025,0.8654974074895488,0.05410398834458337,0.0001753831921813473,0.0450408776973741,-0.0006227801880439171,0.04502757548660696,0.8642006800130896,0.05616232556460704,test
76,3200,False,True,g,0.008653241558338248,0.14621421541242058,0.3033114015216516,0.14632214281791844,3.154295732357499,0.2907889412695417,0.0034412093212882224,0.1263264694392145,0.29645652628957914,0.12688049035241078,3.101533744713064,0.2940384844942872,test
77,3200,False,True,i,1.9577624416571764,1.90344634387602,1.6686991401302493,1.9034383493924572,54.959325573597646,1.8866721397855044,2.0133856385899254,1.8867083221640308,1.618387334105488,1.8860077073878945,54.64726568578954,1.8647459248502083,test
78,6400,False,True,c,0.0014519376797411643,0.05223756224815098,0.0002194692141592443,0.0522572106750477,0.4277336211234004,0.05437402754169379,-0.0012024954734218007,0.05016425496886122,-0.003649674516118371,0.05016773251456627,0.41860392201232344,0.05250414291179295,test
79,6400,False,True,d,0.0005586450760240987,0.005124168850853725,0.0005256848349110712,,,0.005084693087418934,0.0006112517900636868,0.006611156986161753,0.0005083877303447049,,,0.006641704220670161,test
80,6400,False,True,e,0.1695764475695584,0.16934958116608567,0.14899388483307383,0.16914965504826757,0.36872627376794354,0.23281960683398448,0.166431460383901,0.1657211130967563,0.14632732506905097,0.1658637296031001,0.37370439554547064,0.23318910742056115,test
81,6400,False,True,f,0.00037999242170555487,0.06137937426487676,0.0002938910070448452,0.061379324425324115,0.9132263935630774,0.055895646096255226,-0.0019762275482939325,0.04284629519792603,-0.002153870463544934,0.04283482435404388,0.8798249187015479,0.050366410090424196,test
82,6400,False,True,g,0.009495793671698689,0.141616948642597,0.2897530359985324,0.14197758691264523,3.659930659610648,0.29701273156619584,0.013066626832262887,0.14378302869063014,0.2899634304094777,0.14375310237221797,3.619903500717885,0.2933416660848558,test
83,6400,False,True,i,,1.8820956451013593,1.6621042846574392,1.882188266710369,62.73843189466913,1.8688825046474986,nan,1.8711860901910562,1.6595646952026308,1.8717302785353704,62.99968204812403,1.8589376919248233,test
